You are playing: amitten
You won this match
Your game win count:       24
Opponent game win count:    6
Put the 4 lines between the """ characters in a file to watch a replay
You are the blue player in the closest scoring round replay from this match:
"""
24
1615099121386
0,4,4,4,5,0,4,4,4,5,3,4,4,4,5,0,4,4,4,5,2,4,4,4,5,1,1,1,2,4,4,5,2,4,4,5,1,1,1,4,4,4,5,1,4,5,2,4,4,5,0,0,0,0,3,3,3,1,1,4,4,5,3,4,4,4,5,0,3,4,4,4,5,1,1,4,4,5,1,2,4,4,5,0,0,0,0,2,0,0,2,4,4,5,0,2,4,4,4,5,2,4,4,4,5,2,4,4,4,5,1,3,4,4,4,5,1,1,3,3,3,0,0,0,0,2,4,4,4,5,0,2,2,2,2,1,1,1,1,1,1,1,1,1,1,1,8,8,8,8,8,8,8,8,0,0,0,2,4,4,4,5,2,4,5,2,4,4,5,1,4,4,4,5,0,0,0,0,3,3,3,3,3,3,3,3,1,1,1,4,4,5,1,2,4,5,1,4,5,1,4,5,3,4,4,5,0,0,0,0,0,0,1,1,2,2,2,4,5,2,4,4,4,5,0,4,4,5,2,2,4,5,2,4,4,4,5,0,3,3,3,3,3,3,3,1,1,1,1,1,3,4,4,5,3,1,4,4,5,1,2,2,2,2,2,2,2,8,8,8,8,8,8,8,8,1,1,2,2,4,4,4,5,1,4,5,3,4,4,4,5,1,1,2,2,2,2,2,2,2,2,2,2,2,2,2,2,2,2,2,2,2,2,2,2,2,2,2,2,2,2,2,2,2,2,2,2,2,2,2,2,2,2,2,2,2,2,2,2,2,2,2,2,2,2,2,2,2,2,2,2,2,2,2,2,2,2,2,2,2,2,2,2,2,2,2,2,2,2,2,2,2,2,2,2,2,2,2,2,2,2,2,2,2,2,2,2,2,2,2,2,2,2,2,2,2,2,2,2,2,2,2,2,2,2,2,2,2,2,2,2,2,2,2,2,2,2,2,2,2,2,2,2,2,2,2,2,2,2,2,2,2,2,2,2,2,2,2,2,2,2,2,2,2,2,2,2,2,2,2,2,2,2,2,2,2,2,2,2,2,2,2,2,2,2,2,2,2,2,2,2,2,2,2,2,2,2,2,2,2,2,2,2,2,2,2,2,2,2,2,2,2,2,2,2,2,2,2,2,2,2,2,2,2,2,2,2,2,2,2,2,2,2,2,2,2,2,2,2,2,2,2,2,2,2,2,2,2,2,2,2,2,2,2,2,2,2,2,2,2,2,2,2,2,2,2,2,2,2,2,2,2,2,2,2,2,2,2,2,2,2,2,2,2,2,2,2,2,2,2,2,2,2,2,2,2,2,2,2,2,2,2,2,2,2,2,2,2,2,2,2,2,2,2,2,2,2,2,2,2,2,2,2,2,2,2,2,2,2,2,2,2,2,2,2,2,2,2,2,2,2,2,2,2,2,2,2,2,2,2,2,2,2,2,2,2,2,2,2,2,2,2,2,2,2,2,2,2,2,2,2,2,2,2,2,2,2,2,2,2,2,2,2,2,2,2,2,2,2,2,2,2,2,2,2,2,2,2,2,2,2,2,2,2,2,2,2,2,2,2,2,2,2,2,2,2,2,2,2,2,2,2,2,2,2,2,2,2,2,2,2,2,2,2,2,2,2,2,2,2,2,2,2,2,2,2,2,2,2,2,2,2,2,2,2,2,2,2,2,2,2,2,2,2,2,2,2,2,2,2,2,2,2,2,2,2,2,2,2,2,2,2,2,2,2,2,2,2,2,2,2,2,2,2,2,2,2,2,2,2,2,2,2,2,2,2,2,2,2,2,2,2,2,2,2,2,2,2,2,2,2,2,2,2,2,2,2,2,2,2,2,2,2,2,2,2,2,2,2,2,2,2,2,2,2,2,2,2,2,2,2,2,2,2,2,2,2,2,2,2,2,2,2,2,2,2,2,2,2,2,2,2,2,2,2,2,2,2,2,2,2,2,2,2,2,2,2,2,2,2,2,2,2,2,2,2,2,2,2,2,2,2,2,2,2,2,2,2,2,2,2,2,2,2,2,2,2,2,2,2,2,2,2,2,2,2,2,2,2,2,2,2,2,2,2,2,2,2,2,2,2,2,2,2,2,2,2,2,2,2,2,2,2,2,2,2,2,2,2,2,2,2,2,2,2,2,2,2,2,2,2,2,2,2,2,2,2,2,2,2,2,2,2,2,2,2,2,2,2,2,2,2,2,2,2,2,2,2,2,2,2,2,2,2,2,2,2,2,2,2,2,2,2,2,2,2,2,2,2,2
3,4,4,5,1,1,4,4,5,3,4,4,5,3,4,5,0,4,4,5,2,2,2,0,2,0,4,4,4,5,2,1,2,1,2,1,4,5,1,1,1,4,4,4,5,1,2,4,4,4,5,1,1,1,4,5,0,0,0,0,3,0,3,0,3,0,3,0,3,0,3,3,0,4,4,5,3,1,3,1,4,5,1,4,5,3,1,1,1,3,1,8,8,8,8,8,8,3,3,3,4,5,1,4,5,1,1,3,1,3,1,3,1,2,4,4,5,1,1,4,4,4,5,3,4,5,1,4,4,4,5,0,0,0,0,0,4,5,3,4,4,5,1,4,4,4,5,3,4,4,4,5,2,0,2,0,4,4,5,1,1,1,2,2,2,0,4,4,5,0,4,5,2,4,5,2,4,5,1,4,5,3,3,3,3,3,1,2,2,2,2,0,0,0,0,2,0,8,8,8,8,8,8,1,1,4,5,3,4,5,0,4,4,5,3,4,5,3,4,5,1,1,3,1,3,1,1,1,2,1,4,4,4,5,2,1,4,4,4,5,2,4,4,4,5,0,4,4,4,5,2,4,4,4,5,3,3,0,3,0,3,0,2,2,2,2,0,4,4,5,2,1,4,5,1,4,4,5,1,2,1,4,4,5,0,0,2,0,2,4,4,5,3,3,3,3,3,3,3,3,3,3,3,3,3,3,3,3,3,3,3,3,3,3,3,3,3,3,3,3,3,3,3,3,3,3,3,3,3,3,3,3,3,3,3,3,3,3,3,3,3,3,3,3,3,3,3,3,3,3,3,3,3,3,3,3,3,3,3,3,3,3,3,3,3,3,3,3,3,3,3,3,3,3,3,3,3,3,3,3,3,3,3,3,3,3,3,3,3,3,3,3,3,3,3,3,3,3,3,3,3,3,3,3,3,3,3,3,3,3,3,3,3,3,3,3,3,3,3,3,3,3,3,3,3,3,3,3,3,3,3,3,3,3,3,3,3,3,3,3,3,3,3,3,3,3,3,3,3,3,3,3,3,3,3,3,3,3,3,3,3,3,3,3,3,3,3,3,3,3,3,3,3,3,3,3,3,3,3,3,3,3,3,3,3,3,3,3,3,3,3,3,3,3,3,3,3,3,3,3,3,3,3,3,3,3,3,3,3,3,3,3,3,3,3,3,3,3,3,3,3,3,3,3,3,3,3,3,3,3,3,3,3,3,3,3,3,3,3,3,3,3,3,3,3,3,3,3,3,3,3,3,3,3,3,3,3,3,3,3,3,3,3,3,3,3,3,3,3,3,3,3,3,3,3,3,3,3,3,3,3,3,3,3,3,3,3,3,3,3,3,3,3,3,3,3,3,3,3,3,3,3,3,3,3,3,3,3,3,3,3,3,3,3,3,3,3,3,3,3,3,3,3,3,3,3,3,3,3,3,3,3,3,3,3,3,3,3,3,3,3,3,3,3,3,3,3,3,3,3,3,3,3,3,3,3,3,3,3,3,3,3,3,3,3,3,3,3,3,3,3,3,3,3,3,3,3,3,3,3,3,3,3,3,3,3,3,3,3,3,3,3,3,3,3,3,3,3,3,3,3,3,3,3,3,3,3,3,3,3,3,3,3,3,3,3,3,3,3,3,3,3,3,3,3,3,3,3,3,3,3,3,3,3,3,3,3,3,3,3,3,3,3,3,3,3,3,3,3,3,3,3,3,3,3,3,3,3,3,3,3,3,3,3,3,3,3,3,3,3,3,3,3,3,3,3,3,3,3,3,3,3,3,3,3,3,3,3,3,3,3,3,3,3,3,3,3,3,3,3,3,3,3,3,3,3,3,3,3,3,3,3,3,3,3,3,3,3,3,3,3,3,3,3,3,3,3,3,3,3,3,3,3,3,3,3,3,3,3,3,3,3,3,3,3,3,3,3,3,3,3,3,3,3,3,3,3,3,3,3,3,3,3,3,3,3,3,3,3,3,3,3,3,3,3,3,3,3,3,3,3,3,3,3,3,3,3,3,3,3,3,3,3,3,3,3,3,3,3,3,3,3,3,3,3,3,3,3,3,3,3,3,3,3,3,3,3,3,3,3,3,3,3,3,3,3,3,3,3,3,3,3,3,3,3,3,3,3,3,3,3,3,3,3,3,3,3,3,3,3,3,3,3,3,3,3,3,3,3,3,3,3,3,3,3,3,3,3,3,3,3,3,3,3,3,3,3,3,3,3,3,3,3,3,3,3,3,3,3,3,3,3,3,3,3,3,3,3,3,3
"""

You are playing: Aristortle
You lost this match
Your game win count:       14
Opponent game win count:   16
Put the 4 lines between the """ characters in a file to watch a replay
You are the red player in the closest scoring round replay from this match:
"""
28
1615099173712
1,1,4,5,3,4,4,5,2,2,4,4,5,2,1,4,5,1,4,5,0,0,3,0,3,0,3,0,4,4,4,5,3,0,4,4,4,5,3,1,3,1,4,5,1,1,1,4,4,4,5,2,2,1,4,4,5,0,0,2,0,2,0,2,2,4,4,5,0,4,4,5,1,1,1,2,1,4,5,1,2,1,2,1,2,1,8,8,8,8,8,8,1,1,1,1,4,5,3,4,5,2,2,2,2,2,2,2,1,2,1,2,1,2,0,4,5,0,0,4,4,5,3,4,4,5,3,1,4,4,5,3,4,5,2,1,2,1,1,2,1,4,4,4,5,2,2,4,4,4,5,0,2,0,4,4,4,5,0,4,4,4,5,3,0,4,4,4,5,3,3,1,3,1,3,3,1,4,4,5,1,1,4,4,5,3,4,4,4,5,1,4,4,4,5,3,3,0,3,0,4,5,2,2,2,2,2,0,2,3,0,2,3,3,0,4,4,5,3,0,3,4,4,4,5,0,3,0,3,0,3,0,8,8,8,8,8,8,8,8,8,2,2,2,4,5,1,4,5,1,4,5,2,1,2,1,2,1,2,1,3,0,3,0,3,0,4,5,0,4,4,5,0,4,5,2,4,5,3,0,4,5,1,1,1,2,1,2,1,2,1,3,3,3,3,4,4,5,1,4,4,5,3,0,4,4,5,0,4,4,5,3,0,0,0,0,3,0,8,8,8,8,8,1,1,1,1,4,5,2,2,2,2,2,2,1,2,1,3,3,3,3,3,3,0,4,5,3,4,5,3,4,5,3,4,4,5,0,4,5,2,2,2,2,2,2,2,2,1,2,1,0,0,0,3,0,4,4,5,0,0,3,3,3,3,3,3,8,8,8,8,8,3,1,3,1,4,5,3,4,5,1,4,5,1,4,5,2,2,2,2,2,2,2,2,2,1,2,1,0,0,3,3,3,3,3,4,5,3,4,5,1,3,1,4,4,5,1,1,4,4,5,0,0,0,3,0,3,0,3,0,3,2,2,0,2,0,8,8,8,8,8,3,3,3,4,5,0,0,0,0,0,3,0,3,0,3,0,2,2,2,1,2,4,4,5,1,4,5,2,4,4,5,1,4,5,1,4,5,3,3,0,3,0,3,0,3,0,0,0,0,0,4,4,5,2,2,2,1,4,4,4,5,2,2,4,4,5,1,4,4,5,1,1,1,4,5,3,3,3,3,3,0,1,1,1,3,1,1,1,4,4,5,3,4,5,2,1,4,4,5,0,0,0,0,0,0,2,0
2,2,4,4,4,5,1,4,4,4,5,1,2,2,2,4,4,4,5,1,1,1,4,4,4,5,1,4,4,4,5,0,0,0,0,0,0,3,3,3,3,3,1,2,4,4,5,1,1,4,4,5,1,1,4,4,5,1,1,4,4,5,3,4,4,5,0,0,0,0,0,0,0,0,0,2,4,4,4,5,0,3,4,4,4,5,3,4,4,4,5,3,3,4,4,4,5,0,4,4,4,5,1,1,1,1,2,2,2,1,1,3,3,3,4,4,5,1,1,4,4,5,1,4,5,2,4,5,2,4,4,5,0,0,0,0,0,2,1,1,1,1,1,1,1,3,3,3,3,3,3,3,3,3,3,3,3,3,3,3,3,3,3,3,3,3,3,3,3,3,3,3,3,3,8,8,8,8,8,8,8,8,8,0,0,3,3,3,4,4,5,3,4,5,3,4,5,3,4,4,5,0,4,4,5,1,1,1,1,1,1,1,1,1,1,3,3,4,4,4,5,1,3,4,4,4,5,0,0,2,2,4,4,4,5,0,3,4,4,5,3,3,4,4,4,5,1,1,2,2,2,0,0,2,2,2,4,4,4,5,0,4,4,5,0,4,5,3,4,4,5,3,4,4,5,1,1,1,1,3,1,1,1,2,4,4,4,5,1,2,4,4,4,5,1,4,4,4,5,2,4,4,4,5,2,2,4,4,4,5,0,0,0,0,0,3,3,3,3,3,0,0,0,0,0,0,2,2,2,2,2,2,2,2,8,8,8,8,8,8,8,8,8,1,1,1,2,4,4,4,5,2,4,4,4,5,2,4,5,2,4,4,4,5,1,1,1,1,1,1,1,1,4,4,4,5,0,0,0,3,3,3,3,3,3,3,3,3,3,2,2,4,4,5,1,1,2,2,4,4,5,1,2,4,4,5,0,0,4,4,5,2,4,4,5,0,3,3,3,3,3,3,0,0,0,0,3,4,4,5,3,3,3,3,4,4,4,5,0,4,4,4,5,2,4,4,4,5,0,0,0,0,3,4,4,4,5,1,1,1,1,1,1,1,1,1,2,2,2,2,2,0,0,0,0,0,0,2,2,2,2,2,2,2,2,2,2,2,2,2,2,2,2,2,2,2,2,2,2,2,2,2,2,2,2,2,2,2,2,2,2,2,8,8,8,8,8,8,8,8,8,0,3,3,3,4,4,4,5,0,4,5,0,3,3,3,4,4,4,5,0,0,3,3,4,4,4,5,1,3,3,4,4,4,5,1,1,1,1,1,1,1,1,1,1,2,2,2,2
"""

You are playing: Roblox <3
You won this match
Your game win count:       30
Opponent game win count:    0
Put the 4 lines between the """ characters in a file to watch a replay
You are the red player in the closest scoring round replay from this match:
"""
24
1615099293345
2,4,4,5,2,0,4,5,1,1,4,4,5,1,1,4,4,5,1,4,5,0,0,3,0,3,0,0,0,4,4,4,5,1,1,1,1,1,4,4,4,5,3,4,4,5,3,4,4,5,1,4,4,5,1,2,1,4,5,0,0,0,0,0,2,0,3,3,1,4,4,4,5,2,1,2,1,2,1,4,5,1,2,2,2,2,1,8,8,8,8,8,8,3,3,4,5,1,4,5,1,4,5,0,0,0,0,0,3,0,3,0,3,0,2,2,2,4,4,5,2,2,4,4,5,1,4,4,5,1,4,5,1,4,5,3,3,3,0,3,0,3,0,1,1,1,1,1,4,4,5,2,4,5,1,4,5,2,4,5,3,3,2,2,2,2,2,8,8,8,8,8,1,3,1,4,5,2,2,2,2,2,1,2,1,2,1,2,1,2,2,4,4,4,5,2,2,0,4,4,4,5,3,0,4,4,4,5,0,0,4,5,3,3,3,3,3,4,5,1,1,2,1,2,1,2,0,4,4,5,0,4,4,5,0,4,4,5,3,3,3,4,5,1,4,5,2,1,2,1,1,1,1,4,4,4,5,3,3,4,4,4,5,0,4,4,5,0,4,5,3,3,0,4,5,2,2,2,2,0,3,0,4,4,5,0,0,4,4,5,0,3,3,3,3,3,8,8,8,8,8,8,8,8,1,1,4,5,1,4,5,2,1,4,4,5,2,2,2,2,2,1,3,3,3,1,4,4,5,1,1,1,4,4,4,5,3,3,3,4,4,4,5,0,4,4,4,5,0,4,4,5,2,2,2,2,2,0,2,0,3,3,3,0,4,5,3,0,4,5,0,4,5,3,4,5,2,2,3,3,0,3,0,8,8,8,8,8,2,2,2,4,5,1,1,2,1,2,1,2,1,3,3,3,3,0,3,0,4,4,4,5,3,3,3,1,4,5,3,1,4,4,5,1,2,1,4,4,5,2,2,2,2,2,2,2,0,2,0
3,4,4,5,2,0,4,4,4,5,2,1,1,4,4,4,5,3,4,4,5,3,3,3,1,4,5,3,4,5,2,2,2,2,0,0,3,2,2,2,2,4,4,4,5,1,1,4,4,4,5,3,3,4,4,5,1,4,4,5,3,2,3,1,1,4,4,5,0,0,0,0,0,3,0,0,4,4,4,5,2,0,4,5,3,3,0,4,4,4,5,2,3,3,1,3,4,4,4,5,2,1,4,4,5,2,2,2,1,1,3,3,3,3,3,3,1,1,1,1,1,1,8,8,8,8,8,8,8,8,2,2,2,4,4,4,5,2,4,4,4,5,2,4,5,2,4,4,5,3,0,4,5,2,0,0,0,0,0,3,3,3,0,4,4,5,3,4,4,5,3,3,4,4,5,3,4,4,5,2,1,4,4,5,2,2,2,2,2,2,3,3,3,2,1,1,1,4,4,5,3,4,5,1,4,5,2,4,4,5,1,4,5,2,2,0,0,0,0,0,3,3,3,3,2,2,2,3,2,3,3,3,3,3,1,1,1,1,1,1,8,8,8,8,8,8,8,8,0,3,2,3,3,3,4,5,0,4,5,2,4,5,0,4,5,3,4,5,2,2,2,2,2,2,2,2,2,0,0,0,3,2,3,3,3,3,2,3,3,1,4,5,3,4,5,1,4,5,1,4,5,2,4,5,2,2,2,2,2,0,0,0,2,3,2,3,3,3,3,1,3,2,3,1,1,3,3,1,1,1,8,8,8,8,8,8,8,3,2,3,3,2,3,2,3,2,3,1,1,1,4,5,1,4,5,2,4,4,4,5,1,4,5,2,4,5,3,3,3,3,3,3,1,0,4,4,5,0,4,4,5,0,4,4,5,2,4,5,2,4,5,3,3,1,1,1,1,4,5,1,4,4,4,5,2,4,4,4,5,3,1,4,4,4,5,2,2,4,4,4,5,3,3,0,0,0,3,0,3,3,1,4,4,4,5,2,1,4,4
"""

You are playing: ZaidStrategy
You won this match
Your game win count:       24
Opponent game win count:    6
Put the 4 lines between the """ characters in a file to watch a replay
You are the blue player in the closest scoring round replay from this match:
"""
28
1615099345391
0,4,4,4,5,2,4,4,5,1,4,4,5,3,3,3,4,5,1,1,4,4,5,1,1,4,4,4,5,1,2,4,4,5,1,4,4,5,0,0,0,0,0,0,2,0,0,0,3,4,4,4,5,2,2,4,4,4,5,2,4,4,4,5,0,4,4,4,5,0,2,4,5,1,1,1,1,1,3,3,3,1,1,1,2,4,4,5,1,4,5,1,4,4,4,5,1,4,5,1,4,5,0,0,0,0,0,0,0,3,1,1,2,2,4,4,5,1,4,4,5,1,1,1,1,1,2,2,2,2,8,8,8,8,8,8,8,8,3,3,3,4,5,3,4,5,3,4,5,0,0,0,0,0,0,0,0,3,0,2,2,2,4,4,5,0,4,4,4,5,1,1,2,4,4,5,1,4,4,5,1,4,5,0,0,3,3,3,3,1,1,1,1,2,2,4,5,1,4,5,1,4,5,1,4,5,2,4,5,0,0,0,0,0,0,0,3,3,3,1,1,1,2,2,2,4,5,2,4,4,5,2,4,5,1,4,5,0,1,1,1,1,1,2,8,8,8,8,8,8,8,8,1,1,1,1,1,1,1,1,1,1,1,1,1,1,1,1,1,1,1,1,1,1,1,1,1,1,1,1,1,1,1,1,1,1,1,1,1,1,1,1,1,1,1,1,1,1,1,1,1,1,1,1,1,1,1,1,1,1,1,1,1,1,1,1,1,1,1,1,1,1,1,1,1,1,1,1,1,1,1,1,1,1,1,1,1,1,1,1,1,1,1,1,1,1,1,1,1,1,1,1,1,1,1,1,1,1,1,1,1,1,1,1,1,1,1,1,1,1,1,1,1,1,1,1,1,1,1,1,1,1,1,1,1,1,1,1,1,1,1,1,1,1,1,1,1,1,1,1,1,1,1,1,1,1,1,1,1,1,1,1,1,1,1,1,1,1,1,1,1,1,1,1,1,1,1,1,1,1,1,1,1,1,1,1,1,1,1,1,1,1,1,1,1,1,1,1,1,1,1,1,1,1,1,1,1,1,1,1,1,1,1,1,1,1,1,1,1,1,1,1,1,1,1,1,1,1,1,1,1,1,1,1,1,1,1,1,1,1,1,1,1,1,1,1,1,1,1,1,1,1,1,1,1,1,1,1,1,1,1,1,1,1,1,1,1,1,1,1,1,1,1,1,1,1,1,1,1,1,1,1,1,1,1,1,1,1,1,1,1,1,1,1,1,1,1,1,1,1,1,1,1,1,1,1,1,1,1,1,1,1,1,1,1,1,1,1,1,1,1,1,1,1,1,1,1,1,1,1,1,1,1,1,1,1,1,1,1,1,1,1,1,1,1,1,1,1,1,1,1,1,1,1,1,1,1,1,1,1,1,1,1,1,1,1,1,1,1,1,1,1,1,1,1,1,1,1,1,1,1,1,1,1,1,1,1,1,1,1,1,1,1,1,1,1,1,1,1,1,1,1,1,1,1,1,1,1,1,1,1,1,1,1,1,1,1,1,1,1,1,1,1,1,1,1,1,1,1,1,1,1,1,1,1,1,1,1,1,1,1,1,1,1,1,1,1,1,1,1,1,1,1,1,1,1,1,1,1,1,1,1,1,1,1,1,1,1,1,1,1,1,1,1,1,1,1,1,1,1,1,1,1,1,1,1,1,1,1,1,1,1,1,1,1,1,1,1,1,1,1,1,1,1,1,1,1,1,1,1,1,1,1,1,1,1,1,1,1,1,1,1,1,1,1,1,1,1,1,1,1,1,1,1,1,1,1,1,1,1,1,1,1,1,1,1,1,1,1,1,1,1,1,1,1,1,1,1,1,1,1,1,1,1,1,1,1,1,1,1,1,1,1,1,1,1,1,1,1,1,1,1,1,1,1,1,1,1,1,1,1,1,1,1,1,1,1,1,1,1,1,1,1,1,1,1,1,1,1,1,1,1,1,1,1,1,1,1,1,1,1,1,1,1,1,1,1,1,1,1,1,1,1,1,1,1,1,1,1,1,1,1,1,1,1,1,1,1,1,1,1,1,1,1,1,1,1,1,1,1,1,1,1,1,1,1,1,1,1,1,1,1,1,1,1,1,1,1,1,1,1,1,1,1,1,1,1,1,1,1,1,1,1,1,1,1,1,1,1,1,1,1,1,1,1,1,1,1,1,1,1,1,1,1,1,1,1,1,1,1,1,1,1,1,1,1,1,1,1,1,1,1,1,1,1,1,1,1,1,1,3,3,4,5,0,0,0,0,0,0
1,4,4,5,3,4,4,5,3,4,4,5,0,4,4,5,2,4,4,5,2,3,3,3,4,5,1,1,1,4,5,1,4,5,1,4,5,1,4,5,0,0,0,2,0,2,0,2,0,2,1,4,4,4,5,2,0,4,4,4,5,2,2,4,4,4,5,1,4,4,4,5,3,3,0,3,0,4,4,4,5,3,1,3,3,0,4,4,5,3,3,1,4,4,5,3,1,4,5,1,4,4,5,1,1,1,3,1,3,1,8,8,8,8,8,8,1,1,1,1,4,5,3,3,3,3,3,1,3,1,3,1,2,1,4,4,5,0,0,4,4,5,3,3,4,4,5,0,0,4,4,5,2,4,4,5,1,1,1,1,1,4,4,4,5,1,4,4,4,5,2,4,4,4,5,2,0,4,4,4,5,0,3,3,3,4,4,4,5,2,0,3,3,4,4,4,5,3,3,4,5,0,0,4,4,4,5,0,0,2,0,4,5,0,3,0,4,5,1,1,1,2,1,2,1,2,1,2,1,2,2,2,4,4,5,2,4,4,5,0,0,0,0,2,0,2,0,0,0,0,0,0,0,0,0,0,0,0,0,0,0,0,0,0,0,0,0,0,0,0,0,0,0,0,0,0,0,0,0,0,0,0,0,0,0,0,0,0,0,0,0,0,0,0,0,0,0,0,0,0,0,0,0,0,0,0,0,0,0,0,0,0,0,0,0,0,0,0,0,0,0,0,0,0,0,0,0,0,0,0,0,0,0,0,0,0,0,0,0,0,0,0,0,0,0,0,0,0,0,0,0,0,0,0,0,0,0,0,0,0,0,0,0,0,0,0,0,0,0,0,0,0,0,0,0,0,0,0,0,0,0,0,0,0,0,0,0,0,0,0,0,0,0,0,0,0,0,0,0,0,0,0,0,0,0,0,0,0,0,0,0,0,0,0,0,0,0,0,0,0,0,0,0,0,0,0,0,0,0,0,0,0,0,0,0,0,0,0,0,0,0,0,0,0,0,0,0,0,0,0,0,0,0,0,0,0,0,0,0,0,0,0,0,0,0,0,0,0,0,0,0,0,0,0,0,0,0,0,0,0,0,0,0,0,0,0,0,0,0,0,0,0,0,0,0,0,0,0,0,0,0,0,0,0,0,0,0,0,0,0,0,0,0,0,0,0,0,0,0,0,0,0,0,0,0,0,0,0,0,0,0,0,0,0,0,0,0,0,0,0,0,0,0,0,0,0,0,0,0,0,0,0,0,0,0,0,0,0,0,0,0,0,0,0,0,0,0,0,0,0,0,0,0,0,0,0,0,0,0,0,0,0,0,0,0,0,0,0,0,0,0,0,0,0,0,0,0,0,0,0,0,0,0,0,0,0,0,0,0,0,0,0,0,0,0,0,0,0,0,0,0,0,0,0,0,0,0,0,0,0,0,0,0,0,0,0,0,0,0,0,0,0,0,0,0,0,0,0,0,0,0,0,0,0,0,0,0,0,0,0,0,0,0,0,0,0,0,0,0,0,0,0,0,0,0,0,0,0,0,0,0,0,0,0,0,0,0,0,0,0,0,0,0,0,0,0,0,0,0,0,0,0,0,0,0,0,0,0,0,0,0,0,0,0,0,0,0,0,0,0,0,0,0,0,0,0,0,0,0,0,0,0,0,0,0,0,0,0,0,0,0,0,0,0,0,0,0,0,0,0,0,0,0,0,0,0,0,0,0,0,0,0,0,0,0,0,0,0,0,0,0,0,0,0,0,0,0,0,0,0,0,0,0,0,0,0,0,0,0,0,0,0,0,0,0,0,0,0,0,0,0,0,0,0,0,0,0,0,0,0,0,0,0,0,0,0,0,0,0,0,0,0,0,0,0,0,0,0,0,0,0,0,0,0,0,0,0,0,0,0,0,0,0,0,0,0,0,0,0,0,0,0,0,0,0,0,0,0,0,0,0,0,0,0,0,0,0,0,0,0,0,0,0,0,0,0,0,0,0,0,0,0,0,0,0,0,0,0,0,0,0,0,0,0,0,0,0,0,0,0,0,0,0,0,0,0,0,0,0,0,0,0,0,0,0,0,0,0,0,0,0,0,0,0,0,0,0,0,0,0,0,0,0,0,0,0,0,0,0,0,0,0,0,0,0,0,0,0,0,0,0,0,0,0,0,0,0,0,0,0,0,0,0,0,0,0,0,0,0,0,0,0,0,0,0,0,0,0,0,0,0,0,0,0,0,0,0,0,3,3,1,3,1,3,1,3,1,3,3,3
"""

You are playing: AyeshaStrategy
You won this match
Your game win count:       29
Opponent game win count:    1
Put the 4 lines between the """ characters in a file to watch a replay
You are the red player in the closest scoring round replay from this match:
"""
24
1615099420467
2,2,4,5,3,1,4,4,5,1,4,4,5,3,4,4,5,1,1,4,4,5,0,0,0,0,3,3,4,4,4,5,1,3,1,4,4,4,5,3,4,4,4,5,1,2,1,4,4,4,5,2,2,2,2,4,5,0,0,0,3,0,2,2,1,2,1,4,5,1,4,5,2,4,5,1,4,5,3,1,4,5,0,2,1,2,1,8,8,8,8,8,0,3,0,3,0,3,0,3,0,3,0,0,0,4,4,4,5,0,4,4,4,5,2,0,4,4,4,5,2,2,4,4,4,5,1,1,1,4,4,4,5,3,3,3,1,1,1,3,1,4,4,5,1,4,4,5,1,2,1,4,5,2,2,1,4,4,5,2,4,1,4,5,0,0,0,0,0,0,0,3,0,1,1,1,1,2,1,2,2,2,2,1,8,8,8,8,8,8,1,1,1,4,5,1,4,5,1,4,5,1,4,4,5,0,3,0,4,5,2,2,2,2,2,2,2,1,2,1,0,0,4,4,5,2,0,4,4,5,0,4,4,5,2,4,4,5,2,4,4,4,5,1,3,1,3,1,3,1,2,2,1,4,4,5,0,2,0,4,4,4,5,0,4,4,4,5,2,0,4,4,4,5,3,3,3,3,3,3,3,3,3,0,3,0,8,8,8,8,8,8,1,1,1,4,5,2,2,2,2,2,1,2,1,3,3,1,4,4,5,1,1,4,4,4,5,1,4,5,3,1,4,5,0,0,0,0,0,4,4,5,2,2,2,3,3,0,3,0,4,5,0,4,5,3,4,5,3,4,5,2,0,4,5,2,1,2,1,2,1,2,1,3,3,3,3,4,4,5,0,0,0,3,0,3,0,8,8,8,8,8,8,3,3,1,4,5,3,4,5,0,3,0,3,0,4,5,2,0,4,5,0,0,3,0,3,0,2,2,2,2,4,4,5,2,1,4,4,5,3,3,3,3,3,0
0,4,4,4,5,3,3,4,4,5,0,4,4,4,5,2,4,4,5,2,0,4,4,4,5,1,1,1,3,3,1,4,4,5,3,4,4,5,3,4,4,4,5,3,4,4,5,3,4,5,2,2,2,2,2,2,0,2,0,0,4,4,4,5,3,3,3,3,3,0,4,4,4,5,3,3,1,4,4,5,3,4,4,5,1,1,4,4,5,2,2,2,2,2,2,2,3,3,1,1,4,4,4,5,3,4,4,5,3,4,4,4,5,3,4,5,3,4,5,2,2,2,2,2,2,0,0,3,3,3,3,3,3,1,1,1,1,1,1,8,8,8,8,8,3,3,3,4,4,5,3,4,5,3,4,5,3,5,1,5,3,1,4,4,5,3,4,4,5,2,2,1,1,1,1,1,3,4,4,4,5,1,4,4,4,5,3,1,4,5,0,0,0,4,4,4,5,0,4,4,5,2,2,1,1,2,4,4,5,1,4,4,5,2,0,0,4,5,0,0,4,5,0,4,5,3,3,1,1,1,1,3,0,4,4,4,5,2,2,2,2,2,2,2,0,0,0,0,0,8,8,8,8,8,1,1,1,4,5,3,5,3,4,4,5,1,5,3,4,5,1,1,4,4,5,3,3,3,0,0,4,4,5,0,4,4,5,2,0,5,0,4,4,5,2,4,4,4,5,2,4,5,3,3,3,1,1,1,1,1,2,2,2,2,4,4,5,2,5,1,4,4,5,2,4,4,5,0,4,4,5,0,4,4,5,3,3,3,3,3,3,1,3,3,3,3,0,4,4,4,5,2,0,0,4,4,4,5,2,2,2,2,2,2,2,2,2,0,0,0,8,8,8,8,8,0,0,0,4,5,2,4,5,2,4,5,2,2,2,2,0,0,0,3,1,1,1,4,4,5,3,3,4,5,1,4,5,3,4,5,2,1,4,5,2,2,2,0,0,0,0,0,3,3,3,3
"""

You are playing: Brasil
You won this match
Your game win count:       16
Opponent game win count:   14
Put the 4 lines between the """ characters in a file to watch a replay
You are the blue player in the closest scoring round replay from this match:
"""
28
1615099501139
2,4,4,5,1,4,4,5,2,4,4,5,3,3,3,3,4,4,4,5,1,4,4,5,2,2,0,0,3,3,3,4,4,4,5,1,1,4,4,4,5,1,4,4,5,3,4,4,4,5,3,4,4,4,5,2,2,2,2,2,0,0,0,2,2,1,1,1,1,4,5,2,4,5,1,4,5,2,4,5,0,4,5,3,3,3,3,0,0,0,0,3,3,0,4,4,4,5,0,0,4,4,4,5,2,4,4,4,5,2,0,4,4,4,5,2,1,1,4,4,4,5,3,1,1,3,1,1,1,4,4,5,1,4,4,5,3,1,4,4,5,2,2,4,4,5,1,4,4,5,2,2,2,2,2,2,1,8,8,8,8,8,8,8,8,8,3,3,3,3,3,3,0,0,0,0,0,0,0,2,2,0,0,0,4,4,4,5,0,0,4,4,4,5,2,2,1,4,4,4,5,2,2,2,2,4,4,4,5,2,2,0,0,4,4,4,5,3,3,3,3,1,3,3,3,3,3,3,1,1,1,1,1,2,2,2,2,1,1,4,5,1,4,5,2,1,4,5,2,0,4,5,0,4,5,3,3,3,3,3,3,0,0,2,2,2,2,2,2,1,1,1,1,1,1,1,8,8,8,8,8,8,8,8,8,3,3,3,4,5,0,4,4,4,5,3,4,5,3,4,5,1,4,4,4,5,3,0,0,0,0,0,0,0,3,3,3,3,3,1,4,4,4,5,2,1,1,1,1,4,4,4,5,1,4,4,5,1,4,4,4,5,3,4,4,4,5,2,2,2,2,2,0,0,0,0,0,0,0,2,2,2,2,2,1,4,4,5,1,1,4,4,5,2,2,4,5,0,4,5,0,4,5,3,3,3,3,3,3,3,0,2,2,2,2,2,2,0,4,4,5,1,2,4,4,5,0,4,5,2,3,1,1,1,1,1,1,1,1,1,1,1,8,8,8,8,8,8,8,8,8,2,2,1,1,1,4,4,4,5,1,4,4,5,2,2,2,2,2,1,1,1,0,4,4,5,2,0,4,4,5,2,4,4,5,2,2,4,4,4,5,1,4,4,4,5,3,3,3,3,1,3,0,0,4,5,3,3,0,4,5,3,4,5,0,4,5,0,4,5,2,2,2,2,1,1,1,1,1,1,1,1,4,4,4,5,3,3,3,4,4,4,5,3,3,4,4,5,1,4,4,4,5,1,4,4,4,5,2,2,2,2,2,0,0,0,0,0,3,3,1,4,4,5,1,3,3,3,3,3,0,0,0,0,0,0,0,0,0,0,0,8,8,8,8,8,8,8,8,8,2,2,2,2,1,4,5,2,2,4,4,5,1
1,4,4,5,2,2,4,4,4,5,2,4,4,4,5,1,4,4,4,5,2,4,4,4,5,3,3,3,0,3,0,0,4,4,4,5,3,4,4,5,3,4,4,5,1,1,1,4,4,5,1,1,4,5,0,0,2,0,2,0,0,2,4,4,4,5,0,0,4,5,1,1,1,2,4,4,4,5,1,3,1,3,1,3,1,4,5,1,1,4,5,0,0,0,0,0,2,0,1,1,1,1,4,4,5,2,4,4,5,2,1,4,4,5,1,4,4,5,3,3,4,4,5,0,0,0,0,0,3,3,1,2,3,3,1,3,1,3,1,3,1,3,1,8,8,8,8,8,8,8,8,8,3,1,3,1,3,1,3,1,3,1,3,1,3,1,2,1,4,4,5,0,2,4,4,5,0,2,0,4,5,2,4,5,0,4,5,3,3,1,3,1,3,1,1,1,4,4,4,5,2,1,2,1,4,4,4,5,2,2,4,4,4,5,0,0,0,2,4,4,5,0,2,0,0,0,0,0,0,8,8,8,8,8,3,3,4,5,1,1,3,1,3,1,3,1,3,1,2,0,4,4,5,0,4,4,5,2,0,4,5,2,4,5,3,3,4,4,5,1,1,3,1,3,3,0,4,4,4,5,0,4,4,5,0,4,4,5,2,4,4,5,2,2,0,4,4,5,1,1,1,3,1,0,0,2,0,2,0,2,2,2,0,2,0,8,8,8,8,8,8,1,1,1,4,5,3,4,5,0,4,5,3,4,5,3,4,5,1,3,1,3,1,3,1,3,3,3,3,4,4,4,5,0,0,4,4,4,5,2,4,4,4,5,0,0,4,4,4,5,0,2,0,4,4,5,1,1,1,1,2,1,2,1,2,2,2,2,2,4,4,5,2,4,4,5,2,0,0,0,0,0,0,8,8,8,8,8,1,1,1,4,5,1,4,5,1,4,5,3,3,3,3,3,3,3,1,2,2,2,2,0,4,4,5,2,4,4,4,5,2,4,5,0,4,4,5,1,2,1,4,4,5,3,3,3,3,3,3,3,0,0,2,0,2,0,4,5,0,4,5,3,4,5,0,4,5,2,2,2,2,2,8,8,8,8,8,3,3,1,4,5,1,3,1,3,1,3,1,3,1,0,0,0,0,0,4,4,4,5,2,2,2,4,4,5,0,4,5,0,0,3,0,4,4,4,5,3,3,1,3,1,4,4,5,1,1,1,1,1,1,2,1,2,2,2,2,2,2,0,0,0,0,0,0,8,8,8,8,8,8,1,2,1,2,1,4,5,1,4,5,2,4,5,1,1,4,4,5,3,3,1,4,4,5,3,3,3,3,3,3,3,0
"""

You are playing: Play Up Pompey!
You lost this match
Your game win count:       13
Opponent game win count:   17
Put the 4 lines between the """ characters in a file to watch a replay
You are the red player in the closest scoring round replay from this match:
"""
24
1615099588304
1,4,4,4,5,3,4,4,5,1,4,4,4,5,1,1,4,4,5,1,4,4,5,0,0,0,0,2,0,2,1,2,1,4,5,2,4,4,5,1,4,5,1,4,5,1,4,5,0,0,3,0,3,0,3,0,3,0,4,4,4,5,0,2,0,4,4,4,5,2,2,4,4,4,5,0,4,4,5,1,1,1,1,2,1,2,4,4,5,3,3,3,3,0,2,2,2,1,2,1,1,1,1,2,1,8,8,8,8,8,8,8,3,3,4,5,1,4,5,1,4,5,1,4,5,1,1,4,4,5,2,2,2,2,2,2,2,2,2,1,3,4,4,5,3,3,4,4,5,0,4,4,5,3,4,4,5,1,4,4,4,5,2,2,2,2,2,4,4,4,5,0,4,4,5,3,3,3,4,4,4,5,3,0,4,5,0,4,5,2,1,2,1,2,1,1,1,1,4,4,4,5,3,3,4,4,4,5,2,0,4,4,4,5,0,0,0,0,3,4,4,5,0,4,5,1,2,1,2,1,3,3,3,3,3,0,0,0,0,3,0,8,8,8,8,8,8,8,8,1,1,4,5,1,4,5,1,4,5,2,4,5,0,0,4,5,2,2,2,1,2,1,2,1,0,0,0,3,0,4,4,5,3,4,4,5,3,4,5,0,4,5,0,4,5,1,1,1,2,1,2,1,2,1,3,3,3,1,3,1,4,4,5,3,3,4,4,5,2,0,4,4,5,1,1,4,4,4,5,0,0,0,0,0,0,0,3,0,8,8,8,8,8,8,1,3,1,4,5,2,2,2,2,2,1,2,1,2,1,3,3,0,3,0,3,0,4,5,0,4,4,4,5,3,3,3,3,4,5,0,3,0,3,0,4,5,3,0,4,4,5,0,0,0,3,0,1,1,2,1,4,4,5,2,2,1,2,1,2,1,8,8,8,8,8,0,0,0,4,5,2,4,5,2,4,5,3,3,3,0,4,5,3,3,3,0,3,0,1,1,1,1,1,1,4,4,5,3,3,3,3,3,4,4,4,5,0,2,0,2,0,2,0,2,0,2,0
1,4,4,5,3,4,4,5,0,0,0,4,4,4,5,0,4,4,4,5,2,4,4,4,5,1,1,1,0,2,4,4,4,5,2,4,4,4,5,1,1,1,1,4,4,4,5,2,1,4,4,4,5,3,3,3,4,4,4,5,0,0,0,0,1,1,4,4,5,3,1,4,4,5,1,4,5,3,4,5,0,0,3,0,4,4,5,0,2,2,2,3,1,1,3,4,5,3,4,5,3,3,4,5,3,4,5,0,4,5,0,2,2,2,2,2,2,0,3,3,3,3,4,4,5,3,4,4,5,3,4,4,5,3,4,4,5,2,0,2,4,4,5,2,3,1,3,1,1,1,1,1,1,1,8,8,8,8,8,8,8,8,8,1,1,1,3,1,3,3,3,1,3,1,3,3,4,4,4,5,1,4,4,4,5,2,4,4,4,5,2,4,4,4,5,1,2,1,2,4,4,4,5,0,3,0,0,3,3,0,4,4,5,0,2,0,4,5,2,4,5,0,4,5,3,1,1,4,4,5,3,1,1,0,3,0,4,4,5,3,0,0,4,4,5,3,4,4,4,5,0,3,4,4,4,5,1,1,1,4,4,4,5,1,1,2,2,2,2,2,2,2,4,4,5,1,2,4,4,5,2,0,4,4,5,2,4,4,5,1,4,4,5,3,3,0,3,3,3,2,0,0,2,2,0,2,0,0,8,8,8,8,8,8,8,8,8,1,3,3,1,3,1,3,3,1,1,3,0,0,0,0,0,4,4,4,5,2,2,4,5,0,4,5,2,4,5,1,4,5,1,3,3,1,1,1,1,2,2,0,2,0,4,5,2,2,2,2,4,4,4,5,3,3,4,4,5,0,3,4,5,2,2,1,1,1,1,1,1,1,4,4,4,5,3,0,3,3,0,0,0,3,3,3,2,2,1,1,4,4,5,2,1,1,0,2,2,0,0,0,0,0,0,0,0,8,8,8,8,8,8,8,8,8,0,0,0,0,0,4,4,4,5,3,1,4,4,5,3,3,3,3,3,3,3,4,4,4,5,3,4,4,4,5,1,1,2
"""

You are playing: renzo
You won this match
Your game win count:       26
Opponent game win count:    4
Put the 4 lines between the """ characters in a file to watch a replay
You are the red player in the closest scoring round replay from this match:
"""
20
1615100372515
0,4,4,4,5,2,4,4,5,2,1,4,4,5,2,4,4,5,2,4,4,5,3,3,3,3,3,1,4,4,4,5,1,4,4,5,1,4,4,5,1,4,4,5,2,2,4,5,0,0,0,3,0,2,1,2,1,4,5,1,4,5,1,1,4,5,1,4,5,3,4,5,0,0,0,0,0,3,0,3,3,1,3,1,4,4,4,5,3,4,4,4,5,2,1,2,1,4,4,5,1,2,4,4,5,2,2,2,2,2,8,8,8,8,8,8,1,1,4,5,2,2,2,2,1,2,1,2,1,2,4,4,4,5,1,4,4,4,5,3,3,4,4,4,5,3,4,4,5,3,4,4,5,2,2,2,0,3,3,4,4,5,0,4,4,5,3,3,4,5,3,4,5,3,4,4,5,2,2,2,2,2,2,1,2,0,4,4,4,5,0,4,4,5,3,3,0,4,5,3,3,3,3,0,8,8,8,8,8,1,1,4,4,5,2,2,2,4,4,4,5,2,1,2,1,1,3,1,4,4,4,5,1,4,4,4,5,3,4,4,4,5,3,3,4,4,4,5,0,3,0,4,4,5,2,2,2,2,2,0,0,3,0,3,0,4,5,3,3,4,5,1,4,5,3,3,4,5,2,2,2,2,2,1,2,1
1,4,4,5,3,4,4,5,3,3,4,4,5,3,4,5,3,4,5,0,2,2,2,2,2,0,0,3,4,4,4,5,3,4,4,4,5,1,4,5,3,3,4,4,5,0,4,4,4,5,1,1,2,2,2,2,0,2,2,4,4,4,5,1,1,1,2,4,4,4,5,1,1,1,4,4,4,5,1,1,4,4,4,5,1,1,4,4,4,5,0,0,0,0,0,0,0,0,0,3,3,3,1,1,1,4,4,5,3,4,4,5,3,4,5,3,4,5,0,4,5,0,0,2,2,2,1,1,1,1,1,3,3,3,3,3,8,8,8,8,8,8,8,8,8,0,0,3,4,5,0,4,5,3,4,4,4,5,0,2,4,5,1,2,4,5,0,0,2,2,2,2,2,1,1,1,1,1,3,4,5,3,4,5,1,4,5,3,4,5,1,4,5,1,1,1,3,3,3,3,3,3,3,3,4,4,5,0,4,5,0,4,4,4,5,3,4,4,4,5,0,4,4,4,5,1,1,1,2,2,1,4,4,4,5,1,4,5,0,0,2,4,4,5,2,4,4,5,0,4,4,5,0,4,5,0,4,4,4,5,1,1,1,3,3,0,0,4,4,5,0,2,4,4,5,0,0,2,2,2,8,8,8,8,8,8
"""

You are playing: Aristortle
This match was a draw
Your game win count:       15
Opponent game win count:   15
Put the 4 lines between the """ characters in a file to watch a replay
You are the blue player in the closest scoring round replay from this match:
"""
20
1615100394769
0,4,4,4,5,1,1,3,4,4,4,5,3,4,4,4,5,0,4,4,4,5,1,1,1,1,3,3,4,4,4,5,1,1,4,4,4,5,0,0,0,0,0,0,2,2,2,2,1,1,2,4,4,5,0,2,4,4,5,0,0,4,4,5,2,2,2,4,4,5,2,4,4,5,1,3,3,3,3,3,3,0,0,0,2,4,4,4,5,1,2,2,4,4,4,5,1,1,1,4,5,1,4,4,4,5,1,4,4,4,5,0,0,0,3,3,3,1,1,1,1,4,4,5,2,4,4,4,5,1,4,5,1,4,5,1,1,4,5,0,0,0,0,0,0,0,0,3,1,1,1,1,1,1,1,1,1,1,1,2,2,2,2,2,2,2,2,2,2,2,2,2,8,8,8,8,8,8,8,8,8,1,1,1,1,2,4,4,4,5,0,2,4,5,2,4,5,2,4,4,5,2,4,4,4,5,1,1,2,2,2,2,4,4,4,5,0,0,0,0,4,4,4,5,0,2,4,4,4,5,0,0,0,3,3,3,3,1,2,4,4,5,1,1,4,4,5,1,1,1,1,1,3,1,4,4,5,0,0,4,4,5,3,3,3,4,4,5,1,3,4,4,5,1,4,4,5,3,4,4,5,0,2,2,2,2,2
1,4,4,5,3,0,4,4,5,3,4,5,0,4,4,5,0,4,4,5,2,1,2,1,2,4,4,4,5,2,4,4,4,5,3,3,3,1,3,1,4,5,3,4,5,1,4,5,1,4,5,2,4,5,0,0,2,0,2,0,1,1,1,1,4,4,5,3,4,5,0,4,4,5,3,4,4,5,1,1,4,5,0,0,0,2,0,2,0,3,0,0,0,4,4,4,5,3,3,3,3,4,5,1,3,4,4,5,1,1,2,1,1,1,1,1,8,8,8,8,8,8,8,1,3,1,4,5,1,4,5,3,3,3,1,3,1,1,4,4,4,5,2,4,4,4,5,0,0,4,4,5,2,2,4,4,5,0,4,5,3,3,1,3,1,0,3,0,4,4,5,0,0,4,4,5,3,0,4,4,5,0,2,0,4,5,2,2,2,4,5,1,1,1,1,1,3,1,3,1,1,3,1,4,4,4,5,2,2,1,4,4,4,5,2,4,4,4,5,2,1,4,4,4,5,2,2,0,4,5,3,3,3,0,3,0,3,0,2,0,2,0,2,0,2,0,8,8,8,8,8,8,8,8,3,4,5,3,4,4,5,1,4,5,1,4,5,0,0,0,0,4,5,1,1,1,1,3,1,3,1,2,2,2,2,4,4
"""

You are playing: Aristortle
You lost this match
Your game win count:       11
Opponent game win count:   19
Put the 4 lines between the """ characters in a file to watch a replay
You are the blue player in the closest scoring round replay from this match:
"""
24
1615100396300
3,3,3,4,4,4,5,1,1,4,4,4,5,0,0,0,0,2,4,4,4,5,2,4,4,4,5,0,2,2,2,4,4,4,5,1,1,1,3,3,2,4,4,5,0,4,4,5,2,2,4,4,5,1,2,4,5,2,4,4,5,3,3,3,3,3,0,0,4,5,0,2,2,2,4,4,4,5,0,4,4,4,5,3,4,4,4,5,2,2,4,4,4,5,1,1,1,1,3,3,3,3,1,3,4,4,5,1,1,4,4,5,3,4,4,5,1,1,1,1,4,4,5,1,2,1,1,3,4,4,4,5,0,0,0,0,0,0,0,0,0,0,2,2,1,1,1,1,1,1,2,2,2,2,2,2,2,2,2,2,2,2,2,2,2,2,2,2,2,2,2,2,2,2,2,2,2,2,2,8,8,8,8,8,8,8,8,8,1,1,1,3,3,3,4,4,4,5,2,2,2,2,4,5,2,4,4,5,2,4,5,2,4,4,4,5,1,1,1,2,2,2,2,4,4,4,5,2,2,4,4,4,5,0,4,4,4,5,3,3,3,4,4,4,5,3,4,4,5,1,2,0,3,3,4,4,4,5,1,1,1,4,4,5,1,2,4,4,4,5,0,3,3,3,4,4,4,5,1,1,3,3,4,4,4,5,0,0,0,0,2,2,2,2,2,2,0,0,2,4,4,5,0,3,4,4,5,3,4,4,5,2,2,2,4,4,5,0,4,4,5,1,1,1,1,3,3,0,0,0,0,0,3,3,3,3,3,3,8,8,8,8,8,8,8,8,8,0,0,0,2,2,2,4,4,4,5,0,0,0,0,0,0,4,4,4,5,2,4,4,4,5,0,3,3,4,4,4,5,3,3,4,4,4,5,1,1,1,3,3,3,3,3,3,1,1,2,4,4,5,1,1,4,5,1,4,5,0,0,0,0,0,3,1,1,1,1
1,4,5,3,4,4,5,3,1,4,5,3,4,5,1,4,5,2,0,2,0,2,0,2,0,4,4,4,5,2,0,4,4,4,5,3,3,3,1,4,4,5,1,1,1,1,1,4,5,2,4,4,5,0,0,0,0,1,1,1,1,1,4,4,5,1,4,5,3,4,5,1,4,5,3,4,5,0,0,3,3,3,3,1,8,8,8,8,8,3,1,3,1,3,1,3,1,3,1,3,1,2,4,4,5,0,4,4,5,3,4,4,5,0,4,4,5,0,0,4,5,1,1,1,1,1,1,4,4,4,5,3,3,0,4,4,4,5,0,4,4,4,5,2,2,2,2,0,2,0,4,5,2,4,5,0,4,5,3,4,5,2,2,4,5,3,3,3,2,2,0,2,0,8,8,8,8,8,3,1,3,1,3,1,3,1,3,1,2,2,2,2,4,4,5,2,4,4,5,1,4,4,5,2,4,4,5,0,0,4,5,3,3,3,3,3,3,1,0,0,2,2,4,4,5,0,0,4,5,3,4,4,5,0,0,4,5,3,4,5,1,1,1,1,1,1,2,2,2,2,2,0,0,0,0,0,8,8,8,8,8,8,3,1,4,5,3,4,4,5,0,4,5,0,4,4,5,3,4,5,1,1,1,1,3,1,3,1,2,2,2,2,2,0,2,0,4,5,2,4,5,2,4,5,2,4,5,0,0,4,5,0,0,0,0,0,2,0,2,0,2,0,1,1,1,2,2,4,4,4,5,2,4,4,4,5,1,4,4,4,5,3,4,5,3,4,4,5,0,0,0,3,0,1,1,3,1,3,1,4,5,1,3,3,3,3,1,8,8,8,8,8,8,8,2,2,2,4,5,1,4,5,2,1,4,5,0,0,4,5,0,0,0,0,2,0,2,0,3,3,3,3,3,3,4,4,5,2,2,2,2,2,3,3,2,2,2
"""

Your placement is: 9 / 125
Top 4 strategies:
block in place 3
GME=MOON in place 3
Silence Suzuka in place 2
Anonymous in place 1
Congratulations to the winner: Anonymous
