You are playing: eggscellent
You lost this match
Your game win count:        1
Opponent game win count:   29
Put the 4 lines between the """ characters in a file to watch a replay
You are the red player in the closest scoring round replay from this match:
"""
20
1614840903161
2,1,4,4,5,2,1,4,4,5,1,4,5,2,4,5,1,4,5,0,0,0,0,3,3,3,3,1,4,4,4,5,1,1,4,4,5,1,1,4,4,5,3,4,4,4,5,2,2,2,4,5,0,0,0,0,0,3,2,2,0,4,4,4,5,2,1,1,1,4,5,2,0,4,5,2,4,4,4,5,2,1,3,1,1,1,8,8,8,8,8,3,3,4,5,0,0,0,0,0,3,3,3,1,1,1,1,1,4,4,5,1,4,4,5,2,4,5,2,4,5,1,4,5,0,0,0,0,0,0,0,3,3,3,3,1,1,3,4,4,4,5,2,1,1,4,4,5,1,1,4,4,5,2,1,4,4,5,1,4,4,5,2,0,0,2,2,2,2,8,8,8,8,8,2,2,2,2,2,2,1,1,1,1,2,0,4,4,4,5,0,4,5,3,3,3,4,5,3,4,5,1,4,5,2,2,2,1,3,4,4,5,3,4,4,5,1,4,4,5,1,4,4,4,5,0,0,0,4,4,5,2,2,1,0,0,0,3,4,5,3,4,5,3,4,5,0,4,5,2,4,5,2,2,1,1,1,1,3,1,1,4,4,4,5,1,4,4,4,5,3,3,4,4,4,5,2,2,2,0,0,0
3,4,4,5,3,4,4,4,5,3,4,4,5,3,4,4,5,3,4,5,2,2,2,2,2,2,4,4,4,5,1,4,4,5,3,1,4,4,5,1,4,4,4,5,2,1,4,4,5,3,0,0,0,0,2,0,4,4,4,5,3,3,3,0,4,4,4,5,0,4,5,2,4,4,4,5,3,3,3,3,4,4,4,5,2,2,2,2,2,1,1,1,3,1,1,1,4,5,3,4,5,2,1,4,4,4,5,2,2,2,2,4,4,4,5,1,4,4,4,5,3,3,3,0,0,0,0,0,2,3,3,3,3,3,3,1,1,1,1,1,8,8,8,8,8,8,8,8,8,0,0,4,4,5,0,0,5,2,4,4,5,0,0,4,4,5,3,3,3,3,5,2,2,2,2,2,2,2,2,1,2,2,2,2,1,4,4,4,5,1,1,4,4,4,5,3,3,3,3,3,3,3,4,5,0,4,5,3,4,5,2,2,2,2,0,0,2,1,1,1,1,1,1,4,4,5,2,4,4,5,0,4,4,5,1,1,1,1,4,4,5,3,5,3,0,0,0,0,0,0,0,0,0,3,3,3,3,3,1,1,1,1,1,8,8,8,8,8,8,8,8,8,3,3,1,4,4,4,5,3,3,3
"""

You are playing: MrJiggles
You lost this match
Your game win count:       12
Opponent game win count:   18
Put the 4 lines between the """ characters in a file to watch a replay
You are the blue player in the closest scoring round replay from this match:
"""
28
1614840974773
2,2,2,2,4,4,5,2,2,2,4,4,5,2,2,4,4,5,2,4,5,2,4,4,5,3,3,3,3,3,3,3,3,3,3,3,2,2,2,2,2,2,2,2,2,2,2,2,2,4,4,4,5,2,2,2,2,2,2,2,2,2,2,2,2,2,2,2,2,2,2,2,2,2,2,2,2,2,2,2,2,2,2,2,2,2,2,2,2,2,2,2,2,2,2,2,2,2,2,2,2,2,2,2,2,2,2,2,2,2,2,2,2,2,2,2,2,2,2,2,2,2,2,2,2,2,2,2,2,2,2,2,2,2,2,2,2,2,2,2,2,2,2,2,2,2,2,2,2,2,2,2,2,2,2,2,2,2,2,2,2,2,2,2,2,2,2,2,2,2,2,2,2,2,2,2,2,2,2,2,2,2,2,2,2,2,2,2,2,2,2,2,2,2,2,2,2,2,2,2,2,2,2,2,2,2,2,2,2,2,2,2,2,2,2,2,2,2,2,2,2,2,2,2,2,2,2,2,2,2,2,2,2,2,2,2,2,2,2,2,2,2,2,2,2,2,2,2,2,2,2,2,2,2,2,2,2,2,2,2,2,2,2,2,2,2,2,2,2,2,2,2,2,2,2,2,2,2,2,2,2,2,2,2,2,2,2,2,2,2,2,2,2,2,2,2,2,2,2,2,2,2,2,2,2,2,2,2,2,2,2,2,2,2,2,2,2,2,2,2,2,2,2,2,2,2,2,2,2,2,2,2,2,2,2,2,2,2,2,2,2,2,2,2,2,2,2,2,2,2,2,2,2,2,2,2,2,2,2,2,2,2,2,2,2,2,2,2,2,2,2,2,2,2,2,2,2,2,2,2,2,2,2,2,2,2,2,2,2,2,2,2,2,2,2,2,2,2,2,2,2,2,2,2,2,2,2,2,2,2,2,2,2,2,2,2,2,2,2,2,2,2,2,2,2,2,2,2,2,2,2,2,2,2,2,2,2,2,2,2,2,2,2,2,2,2,2,2,2,2,2,2,2,2,2,2,2,2,2,2,2,2,2,2,2,2,2,2,2,2,2,2,2,2,2,2,2,2,2,2,2,2,2,2,2,2,2,2,2,2,2,2,2,2,2,2,2,2,2,2,2,2,2,2,2,2,2,2,2,2,2,2,2,2,2,2,2,2,2,2,2,2,2,2,2,2,2,2,2,2,2,2,2,2,2,2,2,2,2,2,2,2,2,2,2,2,2,2,2,2,2,2,2,2,2,2,2,2,2,2,2,2,2,2,2,2,2,2,2,2,2,2,2,2,2,2,2,2,2,2,2,2,2,2,2,2,2,2,2,2,2,2,2,2,2,2,2,2,2,2,2,2,2,2,2,2,2,2,2,2,2,2,2,2,2,2,2,2,2,2,2,2,2,2,2,2,2,2,2,2,2,2,2,2,2,2,2,2,2,2,2,2,2,2,2,2,2,2,2,2,2,2,2,2,2,2,2,2,2,2,2,2,2,2,2,2,2,2,2,2,2,2,2,2,2,2,2,2,2,2,2,2,2,2,2,2,2,2,2,2,2,2,2,2,2,2,2,2,2,2,2,2,2,2,2,2,2,2,2,2,2,2,2,2,2,2,2,2,2,2,2,2,2,2,2,2,2,2,2,2,2,2,2,2,2,2,2,2,2,2,2,2,2,2,2,2,2,2,2,2,2,2,2,2,2,2,2,2,2,2,2,2,2,2,2,2,2,2,2,2,2,2,2,2,2,2,2,2,2,2,2,2,2,2,2,2,2,2,2,2,2,2,2,2,2,2,2,2,2,2,2,2,2,2,2,2,2,2,2,2,2,2,2,2,2,2,2,2,2,2,2,2,2,2,2,2,2,2,2,2,2,2,2,2,2,2,2,2,2,2,2,2,2,2,2,2,2,2,2,2,2,2,2,2,2,2,2,2,2,2,2,2,2,2,2,2,2,2,2,2,2,2,2,2,2,2,2,2,2,2,2,2,2,2,2,2,2,2,2,2,2,2,2,2,2,2,2,2,2,2,2,2,2,2,2,2,2,2,2,2,2,2,2,2,2,2,2,2,2,2,2,2,2,2,2,2,2,2,2,2,2,2,2,2,2,2,2,2,2,2,2,2,2,2,2,2,2,2,2,2,2,2,2,2,2,2,2,2,2,2,2,2,2,2,2,2,2,2,2,2,2,2,2,2,2,2,2,2,2,2,2,2,2,2,2,2,2,2,2,2,2,2,2,2,2,2,2,2,2,2
8,8,8,8,8,8,8,8,8,8,8,8,8,8,8,8,8,8,8,8,8,8,8,8,8,8,8,8,8,8,8,8,8,8,8,8,8,8,8,8,8,8,8,8,8,8,8,8,8,8,8,8,8,8,8,8,8,8,8,8,8,8,8,8,8,8,8,8,8,8,8,8,8,8,8,8,8,8,8,8,8,8,8,8,8,8,8,8,8,8,8,8,8,8,8,8,8,8,8,8,8,8,8,8,8,8,8,8,8,8,8,8,8,8,8,8,8,8,8,8,8,8,8,8,8,8,8,8,8,8,8,8,8,8,8,8,8,8,8,8,8,8,8,8,8,8,8,8,8,8,8,8,8,8,8,8,8,8,8,8,8,8,8,8,8,8,8,8,8,8,8,8,8,8,8,8,8,8,8,8,8,8,8,8,8,8,8,8,8,8,8,8,8,8,8,8,8,8,8,8,8,8,8,8,8,8,8,8,8,8,8,8,8,8,8,8,8,8,8,8,8,8,8,8,8,8,8,8,8,8,8,8,8,8,8,8,8,8,8,8,8,8,8,8,8,8,8,8,8,8,8,8,8,8,8,8,8,8,8,8,8,8,8,8,8,8,8,8,8,8,8,8,8,8,8,8,8,8,8,8,8,8,8,8,8,8,8,8,8,8,8,8,8,8,8,8,8,8,8,8,8,8,8,8,8,8,8,8,8,8,8,8,8,8,8,8,8,8,8,8,8,8,8,8,8,8,8,8,8,8,8,8,8,8,8,8,8,8,8,8,8,8,8,8,8,8,8,8,8,8,8,8,8,8,8,8,8,8,8,8,8,8,8,8,8,8,8,8,8,8,8,8,8,8,8,8,8,8,8,8,8,8,8,8,8,8,8,8,8,8,8,8,8,8,8,8,8,8,8,8,8,8,8,8,8,8,8,8,8,8,8,8,8,8,8,8,8,8,8,8,8,8,8,8,8,8,8,8,8,8,8,8,8,8,8,8,8,8,8,8,8,8,8,8,8,8,8,8,8,8,8,8,8,8,8,8,8,8,8,8,8,8,8,8,8,8,8,8,8,8,8,8,8,8,8,8,8,8,8,8,8,8,8,8,8,8,8,8,8,8,8,8,8,8,8,8,8,8,8,8,8,8,8,8,8,8,8,8,8,8,8,8,8,8,8,8,8,8,8,8,8,8,8,8,8,8,8,8,8,8,8,8,8,8,8,8,8,8,8,8,8,8,8,8,8,8,8,8,8,8,8,8,8,8,8,8,8,8,8,8,8,8,8,8,8,8,8,8,8,8,8,8,8,8,8,8,8,8,8,8,8,8,8,8,8,8,8,8,8,8,8,8,8,8,8,8,8,8,8,8,8,8,8,8,8,8,8,8,8,8,8,8,8,8,8,8,8,8,8,8,8,8,8,8,8,8,8,8,8,8,8,8,8,8,8,8,8,8,8,8,8,8,8,8,8,8,8,8,8,8,8,8,8,8,8,8,8,8,8,8,8,8,8,8,8,8,8,8,8,8,8,8,8,8,8,8,8,8,8,8,8,8,8,8,8,8,8,8,8,8,8,8,8,8,8,8,8,8,8,8,8,8,8,8,8,8,8,8,8,8,8,8,8,8,8,8,8,8,8,8,8,8,8,8,8,8,8,8,8,8,8,8,8,8,8,8,8,8,8,8,8,8,8,8,8,8,8,8,8,8,8,8,8,8,8,8,8,8,8,8,8,8,8,8,8,8,8,8,8,8,8,8,8,8,8,8,8,8,8,8,8,8,8,8,8,8,8,8,8,8,8,8,8,8,8,8,8,8,8,8,8,8,8,8,8,8,8,8,8,8,8,8,8,8,8,8,8,8,8,8,8,8,8,8,8,8,8,8,8,8,8,8,8,8,8,8,8,8,8,8,8,8,8,8,8,8,8,8,8,8,8,8,8,8,8,8,8,8,8,8,8,8,8,8,8,8,8,8,8,8,8,8,8,8,8,8,8,8,8,8,8,8,8,8,8,8,8,8,8,8,8,8,8,8,8,8,8,8,8,8,8,8,8,8,8,8,8,8,8,8,8,8,8,8,8,8,8,8,8,8,8,8,8,8,8,8,8,8,8,8,8,8,8,8,8,8,8,8,8,8,8,8,8,8,8,8,8,8,8,8,8,8,8,8,8,8,8,8,8,8,8,8,8,8,8,8,8,8,8,8,8,8,8,8,8,8,8,8,8,8,8,8,8,8,8,8,8,8,8,8,8,8,8,8,8,8,8,8,8,8
"""

You are playing: Regular Miner!
You lost this match
Your game win count:        1
Opponent game win count:   29
Put the 4 lines between the """ characters in a file to watch a replay
You are the blue player in the closest scoring round replay from this match:
"""
20
1614841033579
2,2,2,2,2,4,4,5,2,2,4,4,5,2,4,4,5,2,2,2,2,2,2,1,1,1,1,4,4,4,5,1,1,4,5,3,3,3,3,1,1,1,1,2,0,4,5,2,4,4,5,2,2,0,4,4,4,5,3,4,4,4,5,3,0,4,4,5,3,3,1,1,1,0,4,4,5,0,0,0,4,4,5,0,4,5,2,4,4,5,2,2,1,4,4,4,5,3,1,1,1,1,2,2,4,4,4,5,2,0,0,0,0,4,4,4,5,3,3,1,4,4,5,3,3,4,4,4,5,0,4,5,2,1,1,1,1,3,3,3,3,4,4,5,3,0,4,5,0,0,4,4,5,0,0,8,8,8,8,8,8,8,8,8,2,2,2,4,5,2,0,4,5,2,1,1,1,1,1,1,1,4,4,4,5,3,3,0,4,4,5,3,4,4,5,2,2,0,0,0,0,0,0,0,4,5,3,4,5,2,2,1,1,1,1,1,1,3,3,0,0,0,0,0,4,5,0,0,4,5,0,0,0,0,0,0,0,4,4,4,5,3,3,1,1,1,1,1,4,4,5,1,4,4,4,5,3,3,3,3,3,3,0,0,1,1,4,4,5,3,0,4,4,5,2,2,4,4,4,5,2,4,5,2,2,4,4,5,1,1,1,1,8,8,8,8,8,8,8,8,8,3,3,3
3,1,4,4,5,3,3,4,4,5,1,4,5,1,4,4,4,5,1,4,5,2,2,2,0,0,0,0,0,3,4,4,5,3,3,4,4,5,3,0,0,4,4,4,5,3,3,4,5,3,1,1,1,1,4,5,2,2,2,2,2,2,2,0,1,1,1,2,4,4,5,2,2,4,4,4,5,0,4,4,4,5,1,1,1,4,4,4,5,3,3,3,3,3,3,3,3,3,3,8,8,8,8,8,8,1,1,1,4,5,3,3,3,3,3,1,1,1,4,4,4,5,2,2,2,4,4,5,0,0,4,5,0,4,5,3,4,5,3,3,1,1,3,3,4,4,4,5,0,3,4,4,4,5,2,0,0,4,4,4,5,2,4,4,5,2,4,4,5,1,1,1,2,2,0,0,0,4,5,2,4,5,2,4,5,1,0,0,8,8,8,8,8,1,1,4,5,1,1,4,4,5,3,3,3,3,2,2,2,2,1,4,4,5,2,2,4,4,5,3,1,1,4,5,3,3,4,4,4,5,2,0,0,0,0,4,4,4,5,3,3,3,3,1,2,0,0,0,0,4,5,2,4,5,0,4,5,0,4,5,3,4,5,3,1,2,2,2,2,8,8,8,8,8,3,3,3,3,1,1,1,1,1,0,0,0,0,0,0,3,3,4,4,5,1,4,5,2,2,1,1,1,1,1
"""

You are playing: meh
You lost this match
Your game win count:        1
Opponent game win count:   29
Put the 4 lines between the """ characters in a file to watch a replay
You are the red player in the closest scoring round replay from this match:
"""
20
1614841079370
3,4,4,4,5,1,1,4,4,5,2,1,4,4,5,2,4,4,5,2,4,5,0,0,0,3,3,0,0,4,5,3,3,1,4,4,4,5,2,2,2,2,2,4,4,5,1,1,4,5,1,4,5,0,0,3,3,3,2,2,4,4,5,2,2,4,4,5,1,4,5,1,4,5,2,4,5,0,0,3,3,3,3,3,2,2,1,1,1,2,2,1,1,8,8,8,8,8,8,3,1,4,5,1,4,5,1,4,5,1,4,5,2,2,4,5,2,2,2,2,2,1,3,4,4,5,1,4,4,4,5,3,4,4,5,0,3,4,4,5,3,4,4,5,2,2,2,2,0,4,4,5,0,4,4,5,2,0,4,4,5,0,4,4,5,3,4,4,5,1,1,1,1,2,2,1,4,4,4,5,2,2,0,0,4,4,4,5,0,3,4,4,4,5,0,4,4,4,5,3,3,3,3,3,0,3,3,3,8,8,8,8,8,8,1,4,5,2,2,2,2,2,1,1,1,0,3,3,4,4,5,3,3,4,5,0,4,5,3,4,5,3,4,5,2,2,2,2,2,2,1,1
1,4,4,5,3,0,4,4,5,3,4,4,5,0,4,4,5,3,3,0,4,4,5,2,2,2,2,1,1,2,0,4,4,4,5,1,1,1,1,4,4,5,2,0,4,4,4,5,2,4,4,4,5,1,1,4,4,4,5,3,3,3,0,0,0,0,3,1,1,4,4,5,3,3,4,5,1,4,5,1,4,5,2,4,5,2,2,0,0,0,0,3,3,3,3,1,4,5,1,4,5,1,4,5,3,4,5,0,5,8,5,8,5,8,5,8,5,8,5,8,5,8,5,8,5,8,5,8,5,8,5,8,5,8,5,8,5,8,5,8,5,8,5,8,5,8,5,8,5,8,5,8,5,8,5,8,5,8,5,8,5,8,5,8,5,8,5,8,5,8,5,8,5,8,5,8,5,8,5,8,5,8,5,8,5,8,5,8,5,8,5,8,5,8,5,8,5,8,5,8,5,8,5,8,5,8,5,8,5,8,5,8,5,8,5,8,5,8,5,8,5,8,5,8,5,8,5,8,5,8,5,8,5,8,5,8,5,8,5,8,5,8,5,8,5,8,5,8,5,8,5,8
"""

You are playing: ShriyanGosavi
You lost this match
Your game win count:       10
Opponent game win count:   20
Put the 4 lines between the """ characters in a file to watch a replay
You are the red player in the closest scoring round replay from this match:
"""
20
1614841130765
8,8,8,8,8,8,8,8,8,8,8,8,8,8,8,8,8,8,8,8,8,8,8,8,8,8,8,8,8,8,8,8,8,8,8,8,8,8,8,8,8,8,8,8,8,8,8,8,8,8,8,8,8,8,8,8,8,8,8,8,8,8,8,8,8,8,8,8,8,8,8,8,8,8,8,8,8,8,8,8,8,8,8,8,8,8,8,8,8,8,8,8,8,8,8,8,8,8,8,8,8,8,8,8,8,8,8,8,8,8,8,8,8,8,8,8,8,8,8,8,8,8,8,8,8,8,8,8,8,8,8,8,8,8,8,8,8,8,8,8,8,8,8,8,8,8,8,8,8,8,8,8,8,8,8,8,8,8,8,8,8,8,8,8,8,8,8,8,8,8,8,8,8,8,8,8,8,8,8,8,8,8,8,8,8,8,8,8,8,8,8,8,8,8,8,8,8,8,8,8,8,8,8,8,8,8,8,8,8,8,8,8,8,8,8,8,8,8,8,8,8,8,8,8,8,8,8,8,8,8,8,8,8,8,8,8,8,8,8
3,3,4,4,5,3,4,4,5,3,4,4,5,3,4,4,5,3,3,4,4,5,2,2,2,2,2,2,2,3,3,3,3,3,3,3,3,1,4,4,5,1,4,5,1,4,5,1,1,4,5,1,4,5,3,3,1,1,1,1,2,2,0,0,4,5,0,4,4,5,2,4,5,2,4,5,2,2,2,4,5,3,3,3,3,3,3,3,1,1,1,0,4,4,5,0,4,4,5,3,3,4,4,5,2,2,2,0,4,5,2,2,2,2,2,2,2,4,5,2,2,0,0,0,3,3,3,3,3,1,8,8,8,8,8,8,8,8,8,3,3,3,3,3,1,1,1,1,1,2,2,2,2,2,4,4,4,5,2,2,4,4,5,2,0,0,4,4,5,3,3,4,5,3,4,5,3,3,3,3,3,1,1,2,2,2,2,0,4,5,0,4,5,2,2,2,2,2,2,2,1,4,4,5,3,3,3,3,3,3,4,5,3,3,4,4,4,5,3,3,3,1,2,2,2,2,2,2,2,2,2,2,2,4,4,4,5,3,-1
"""

You received a bye this round

You are playing: Assignment Strategy
You lost this match
Your game win count:        1
Opponent game win count:   29
Put the 4 lines between the """ characters in a file to watch a replay
You are the red player in the closest scoring round replay from this match:
"""
20
1614841232047
2,2,4,4,5,2,1,4,5,1,4,5,2,4,5,3,3,4,4,5,0,0,3,3,0,3,4,4,4,5,0,4,4,4,5,1,1,1,1,4,4,5,3,4,4,4,5,3,4,4,4,5,2,2,2,0,0,2,1,1,1,1,4,5,1,4,5,2,4,5,1,4,5,2,4,5,0,0,0,0,0,0,3,3,3,1,1,1,1,4,4,5,1,2,2,2,2,8,8,8,8,8,8,0,3,4,5,3,4,5,0,4,5,3,1,1,1,4,4,5,0,0,0,0,0,0,3,2,2,2,2,4,4,5,1,4,5,2,4,5,1,4,5,1,4,5,0,0,0,3,3,3,3,3,2,2,2,2,2,4,4,4,5,0,4,4,5,2,4,4,5,0,4,4,5,0,4,4,4,5,3,3,3,3,3,3,1,1,1,1,1,1,1,1,2,2,2,2,8,8,8,8,8,8,8,1,1,1,4,5,1,4,5,1,4,5,2,4,4,5,2,4,4,5,2,2,2,2,3,4,4,5,3,3,4,4,5,0,4,5,3,4,5,3,4,5,2,2,2,2,2,1,0,0,4,4,5,1,1
8,1,8,4,8,4,8,5,8,2,8,4,8,4,8,4,8,5,8,1,8,4,8,4,8,5,8,1,8,2,8,4,8,4,8,4,8,5,8,2,8,4,8,4,8,4,8,5,8,0,8,0,8,0,8,3,8,3,8,3,8,0,8,2,8,4,8,4,8,4,8,5,8,0,8,4,8,4,8,4,8,5,8,1,8,3,8,3,8,4,8,4,8,5,8,1,8,1,8,4,8,4,8,5,8,3,8,4,8,4,8,5,8,0,8,2,8,2,8,3,8,3,8,3,8,4,8,4,8,5,8,1,8,4,8,5,8,1,8,4,8,5,8,1,8,4,8,5,8,1,8,4,8,5,8,0,8,0,8,0,8,0,8,2,8,2,8,2,8,1,8,2,8,2,8,2,8,4,8,4,8,4,8,5,8,1,8,2,8,4,8,4,8,4,8,5,8,1,8,4,8,4,8,4,8,5,8,1,8,1,8,4,8,4,8,4,8,5,8,1,8,3,8,4,8,4,8,4,8,5,8,0,8,0,8,0,8,0,8,0,8,0,8,3,8,3,8,3,8,1,8,1,8,1,8,1,8,4,8
"""

Your placement is: 75 / 79
Top 4 strategies:
Motsognir in place 3
MyStrategy in place 3
GME=MOON in place 2
Anonymous in place 1
Congratulations to the winner: Anonymous
