You are playing: In this economy?
You won this match
Your game win count:       19
Opponent game win count:   11
Put the 4 lines between the """ characters in a file to watch a replay
You are the red player in the closest scoring round replay from this match:
"""
20
1615186682217
1,3,1,4,4,5,3,4,4,4,5,3,1,4,5,0,0,4,4,4,5,1,1,1,1,2,1,4,5,0,0,0,0,2,0,2,0,2,2,0,4,4,5,1,2,1,4,5,1,4,5,1,4,5,3,4,5,0,3,0,3,0,0,3,0,4,4,4,5,2,2,2,2,1,2,1,4,4,5,2,0,4,4,5,2,0,4,4,5,0,4,4,4,5,3,3,3,3,1,3,1,3,1,1,1,1,1,1,2,2,2,2,2,2,2,2,2,2,2,2,2,2,2,2,2,2,2,2,2,2,2,2,2,2,2,2,2,2,2,2,2,2,2,2,2,2,2,2,2,2,2,2,2,2,2,2,2,2,2,2,2,2,2,2,2,2,2,2,2,2,2,2,2,2,2,2,2,2,2,2,2,2,2,2,2,2,2,2,2,2,2,2,2,2,2,2,2,2,2,2,2,2,2,2,2,2,2,2,2,2,2,2,2,2,2,2,2,2,2,2,2,2,2,2,2,2,2,2,2,2,2,2,2,2,2,2,2,2,2,2,2,2,2,2,2,2,2,2,2,2,2,2,2,2,2,2,2,2,2,2,2,2,2,2,2,2,2,2,2,2,2,2,2,2,2,2,2,2,2,2,2,2,2,2,2,2,2,2,2,2,2,2,2,2,2,2,2,2,2,2,2,2,2,2,2,2,2,2,2,2,2,2,2,2,2,2,2,2,2,2,2,2,2,2,2,2,2,2,2,2,2,2,2,2,2,2,2,2,2,2,2,2,2,2,2,2,2,2,2,2,2,2,2,2,2,2,2,2,2,2,2,2,2,2,2,2,2,2,2,2,2,2,2,2,2,2,2,2,2,2,2,2,2,2,2,2,2,2,2,2,2,2,2,2,2,2,2,2,2,2,2,2,2,2,2,2,2,2,2,2,2,2,2,2,2,2,2,2,2,2,2,2,2,2,2,2,2,2,2,2,2,2,2,2,2,2,2,2,2,2,2,2,2,2,2,2,2,2,2,2,2,2,2,2,2,2,2,2,2,2,2,2,2,2,2,2,2,2,2,2,2,2,2,2,2,2,2,2,2,2,2,2,2,2,2,2,2,2,2,2,2,2,2,2,2,2,2,2,2,2,2,2,2,2,2,2,2,2,2,2,2,2,2,2,2,2,2,2,2,2,2,2,2,2,2,2,2,2,2,2,2,2,2,2,2,2,2,2,2,2,2,2,2,2,2,2,2,2,2,2,2,2,2,2,2,2,2,2,2,2,2,2,2,2,2,2,2,2,2,2,2,2,2,2,2,2,2,2,2,2,2,2,2,2,2,2,2,2,2,2,2,2,2,2,2,2,2,2,2,2,2,2,2,2,2,2,2,2,2,2,2,2,2,2,2,2,2,2,2,2,2,2,2,2,2,2,2,2,2,2,2,2,2,2,2,2,2,2,2,2,2,2,2,2,2,2,2,2,2,2,2,2,2,2,2,2,2,2,2,2,2,2,2,2,2,2,2,2,2,2,2,2,2,2,2,2,2,2,2,2,2,2,2,2,2,2,2,2,2,2,2,2,2,2,2,2,2,2,2,2,2,2,2,2,2,2,2,2,2,2,2,2,2,2,2,2,2,2,2,2,2,2,2,2,2,2,2,2,2,2,2,2,2,2,2,2,2,2,2,2,2,2,2,2,2,2,2,2,2,2,2,2,2,2,2,2,2,2,2,2,2,2,2,2,2,2,2,2,2,2,2,2,2,2,2,2,2,2,2,2,2,2,2,2,2,2,2,2,2,2,2,2,2,2,2,2,2,2,2,2,2,2,2,2,2,2,2,2,2,2,2,2,2,2,2,2,2,2,2,2,2,2,2,2,2,2,2,2,2,2,2,2,2,2,2,2,2,2,2,2,2,2,2,2,2,2,2,2,2,2,2,2,2,2,2,2,2,2,2,2,2,2,2,2,2,2,2,2,2,2,2,2,2,2,2,2,2,2,2,2,2,2,2,2,2,2,2,2,2,2,2,2,2,2,2,2,2,2,2,2,2,2,2,2,2,2,2,2,2,2,2,2,2,2,2,2,2,2,2,2,2,2,2,2,2,2,2,2,2,2,2,2,2,2,2,2,2,2,2,2,2,2,2,2,2,2,2,2,2,2,2,2,2,2,2,2,2,2,2,2,2,2,2,2,2,2,2,2,2,2,2,2,2,2,2,2,2,2,2,2,2,2,2,2,2,2,2,2,2,2,2,2,2,0,0,0,0,3,0,8
2,4,4,4,5,2,1,1,4,4,4,5,3,1,1,4,4,4,5,3,1,4,4,5,3,4,5,2,0,0,0,0,0,3,3,3,4,4,5,3,4,4,5,1,4,4,5,3,4,5,1,4,5,2,2,2,2,2,0,0,3,3,1,1,4,4,5,3,4,5,3,4,5,1,4,5,2,4,5,2,2,2,0,0,0,3,1,1,1,4,4,5,3,4,5,3,3,3,1,1,8,8,8,8,8,8,3,3,3,4,5,8,8,8,8,8,8,8,8,8,8,8,8,8,8,8,8,8,8,8,8,8,8,8,8,8,8,8,8,8,8,8,8,8,8,8,8,8,8,8,8,8,8,8,8,8,8,8,8,8,8,8,8,8,8,8,8,8,8,8,8,8,8,8,8,8,8,8,8,8,8,8,8,8,8,8,8,8,8,8,8,8,8,8,8,8,8,8,8,8,8,8,8,8,8,8,8,8,8,8,8,8,8,8,8,8,8,8,8,8,8,8,8,8,8,8,8,8,8,8,8,8,8,8,8,8,8,8,8,8,8,8,8,8,8,8,8,8,8,8,8,8,8,8,8,8,8,8,8,8,8,8,8,8,8,8,8,8,8,8,8,8,8,8,8,8,8,8,8,8,8,8,8,8,8,8,8,8,8,8,8,8,8,8,8,8,8,8,8,8,8,8,8,8,8,8,8,8,8,8,8,8,8,8,8,8,8,8,8,8,8,8,8,8,8,8,8,8,8,8,8,8,8,8,8,8,8,8,8,8,8,8,8,8,8,8,8,8,8,8,8,8,8,8,8,8,8,8,8,8,8,8,8,8,8,8,8,8,8,8,8,8,8,8,8,8,8,8,8,8,8,8,8,8,8,8,8,8,8,8,8,8,8,8,8,8,8,8,8,8,8,8,8,8,8,8,8,8,8,8,8,8,8,8,8,8,8,8,8,8,8,8,8,8,8,8,8,8,8,8,8,8,8,8,8,8,8,8,8,8,8,8,8,8,8,8,8,8,8,8,8,8,8,8,8,8,8,8,8,8,8,8,8,8,8,8,8,8,8,8,8,8,8,8,8,8,8,8,8,8,8,8,8,8,8,8,8,8,8,8,8,8,8,8,8,8,8,8,8,8,8,8,8,8,8,8,8,8,8,8,8,8,8,8,8,8,8,8,8,8,8,8,8,8,8,8,8,8,8,8,8,8,8,8,8,8,8,8,8,8,8,8,8,8,8,8,8,8,8,8,8,8,8,8,8,8,8,8,8,8,8,8,8,8,8,8,8,8,8,8,8,8,8,8,8,8,8,8,8,8,8,8,8,8,8,8,8,8,8,8,8,8,8,8,8,8,8,8,8,8,8,8,8,8,8,8,8,8,8,8,8,8,8,8,8,8,8,8,8,8,8,8,8,8,8,8,8,8,8,8,8,8,8,8,8,8,8,8,8,8,8,8,8,8,8,8,8,8,8,8,8,8,8,8,8,8,8,8,8,8,8,8,8,8,8,8,8,8,8,8,8,8,8,8,8,8,8,8,8,8,8,8,8,8,8,8,8,8,8,8,8,8,8,8,8,8,8,8,8,8,8,8,8,8,8,8,8,8,8,8,8,8,8,8,8,8,8,8,8,8,8,8,8,8,8,8,8,8,8,8,8,8,8,8,8,8,8,8,8,8,8,8,8,8,8,8,8,8,8,8,8,8,8,8,8,8,8,8,8,8,8,8,8,8,8,8,8,8,8,8,8,8,8,8,8,8,8,8,8,8,8,8,8,8,8,8,8,8,8,8,8,8,8,8,8,8,8,8,8,8,8,8,8,8,8,8,8,8,8,8,8,8,8,8,8,8,8,8,8,8,8,8,8,8,8,8,8,8,8,8,8,8,8,8,8,8,8,8,8,8,8,8,8,8,8,8,8,8,8,8,8,8,8,8,8,8,8,8,8,8,8,8,8,8,8,8,8,8,8,8,8,8,8,8,8,8,8,8,8,8,8,8,8,8,8,8,8,8,8,8,8,8,8,8,8,8,8,8,8,8,8,8,8,8,8,8,8,8,8,8,8,8,8,8,8,8,8,8,8,8,8,8,8,8,8,8,8,8,8,8,8,8,8,8,8,8,8,8,8,8,8,8,8,8,8,8,8,8,8,8,8,8,8,8,8,8,8,8,8,8,8,8,8,8,8,8,8,8,8,8,8,8,8,8,8,8,8,8,8,8,8,8,8,8,8,8,8,8,8,8,8,8,8,8,3,4,5,3,4,4
"""

You are playing: Jonah'sRandomCluster
You won this match
Your game win count:       23
Opponent game win count:    7
Put the 4 lines between the """ characters in a file to watch a replay
You are the red player in the closest scoring round replay from this match:
"""
24
1615186764300
1,1,4,4,5,1,1,4,4,5,1,4,5,3,4,4,5,2,2,1,4,5,0,0,0,0,0,3,0,0,0,4,4,4,5,1,1,1,1,1,2,1,4,5,2,4,5,1,4,5,1,4,4,5,1,4,5,0,0,0,0,0,3,0,3,0,2,1,1,2,1,4,5,2,1,2,1,2,1,8,8,8,8,8,8,3,3,4,5,1,4,5,1,1,4,5,3,4,5,0,0,0,0,0,0,0,3,0,3,0,2,2,2,2,4,4,5,0,4,4,5,2,2,4,4,5,2,4,4,5,2,4,4,5,3,3,3,3,3,3,3,3,1,2,2,1,2,1,4,5,1,1,2,1,2,1,8,8,8,8,8,1,3,1,4,5,1,4,5,1,4,5,2,4,5,2,2,2,2,2,2,1,2,1,1,4,4,4,5,1,4,4,4,5,2,0,4,4,4,5,3,3,4,4,5,0,3,0,4,4,5,2,2,1,3,3,0,3,0,4,5,0,4,5,3,4,5,3,4,5,1,4,5,2,2,2,2,1,2,1,0,0,0,0,4,4,5,3,3,3,3,3,3,0,8,8,8,8,8,8,1,1,4,5,1,4,5,1,4,4,4,5,2,4,5,2,2,2,2,2,1,3,3,3,3,0,4,4,5,0,0,0,4,5,2,4,5,2,4,5,2,0,0,4,5,1,1,1,1,1,2,1,0,2,0,2,0,2,0,4,4,5,0,0,4,4,5,3,4,4,5,0,4,4,5,0,4,5,1,1,1,1,1,1,3,1,3,1,1,0,0,0,0,0,0,0,3,3,3,3,3,3,8,8,8,8,8,8,8,8,2,2,2,4,5,0,4,5,2,4,5,2,4,5,3,0,4,5,1,1,1,1,1,1,2,1,2,1,1,1,3,1,3,1,4,4,4,5,3,3,0,4,4,4,5,3,3,4,4,5,0,4,4,5,3,3,4,4,5,2,2,2,2,2,2,2,0,2,0,0,0,0,2,0,2,0,2,0,0,4,4,5,2,4,5,1,1,1,3,1,3,1,3,1,3,1
0,4,4,4,5,3,0,4,4,4,5,3,4,4,4,5,0,0,4,4,4,5,3,3,4,4,4,5,2,2,2,2,1,1,1,1,1,1,4,4,5,3,4,4,5,1,1,4,4,5,1,1,3,4,4,5,2,2,4,4,5,0,0,0,0,0,0,2,2,4,4,4,5,1,4,4,4,5,2,1,4,4,4,5,1,4,4,4,5,2,4,4,4,5,3,3,3,3,0,0,0,2,1,4,4,5,3,3,3,3,3,4,4,5,3,0,4,4,5,3,4,4,5,0,0,0,0,0,4,4,5,2,2,2,2,2,2,1,1,1,1,1,1,1,1,3,3,3,3,3,3,8,8,8,8,8,8,8,8,8,2,2,2,1,4,4,4,5,2,2,2,2,2,1,4,4,4,5,2,2,4,4,4,5,0,0,4,4,4,5,0,2,4,4,4,5,3,3,3,3,3,0,0,0,0,0,3,3,3,0,0,4,4,5,3,3,3,0,4,4,5,1,1,1,1,1,1,1,1,3,3,3,4,4,5,0,4,5,0,4,5,1,1,1,1,1,1,1,1,3,3,3,1,3,3,4,4,4,5,1,3,4,4,2,0,0,4,4,5,0,0,0,2,0,4,4,5,2,4,4,5,2,2,2,2,2,8,8,8,8,8,8,8,8,8,1,1,1,1,1,1,1,1,4,4,4,5,3,3,3,3,3,0,0,0,1,3,4,4,4,5,3,3,4,5,0,0,2,2,2,2,4,4,5,1,4,4,5,2,1,1,3,4,4,4,5,3,0,0,3,3,3,0,0,0,4,4,4,5,0,2,4,4,4,5,3,0,0,4,4,4,5,0,0,4,1,1,1,1,1,1,4,5,0,0,0,0,0,0,4,4,5,2,2,2,1,1,1,1,1,1,1,1,0,0,0,0,0,2,2,2,2,2,8,8,8,8,8,8,8,8,8,1,1,1,3,3,3,4,4,5,1,1,4,4,5,2,1,1,1,1,3,4,2,0,0,0,4,4,5,2,4,1,1,1,4,5,3,3,0,0,0,0,0,0,0
"""

You are playing: Deliberate Strategy
You won this match
Your game win count:       27
Opponent game win count:    3
Put the 4 lines between the """ characters in a file to watch a replay
You are the red player in the closest scoring round replay from this match:
"""
28
1615186853832
1,4,4,5,1,4,4,5,3,0,4,4,5,3,3,4,4,4,5,0,2,0,4,4,4,5,2,2,1,0,0,4,4,4,5,0,4,4,4,5,2,4,4,4,5,2,2,0,4,4,4,5,1,1,1,1,2,1,4,5,3,3,3,3,0,2,0,4,4,5,2,4,4,5,2,4,4,5,1,1,1,4,4,5,1,4,5,3,0,3,0,3,0,1,1,1,1,2,1,4,5,2,2,2,2,1,2,1,8,8,8,8,8,8,8,3,3,1,4,5,1,4,5,1,4,5,1,4,5,2,2,2,2,2,2,2,2,1,2,1,2,1,1,4,4,4,5,1,4,4,4,5,2,2,0,4,4,4,5,2,4,4,4,5,2,4,4,4,5,3,3,3,3,0,0,0,4,4,5,3,3,0,4,4,5,3,4,5,3,4,4,5,1,4,5,2,2,2,1,2,1,2,4,4,4,5,3,3,3,3,4,4,5,1,4,4,5,3,4,4,5,1,4,4,5,1,3,1,4,5,2,2,0,2,0,2,0,0,3,0,2,3,3,0,3,2,3,0,3,0,3,0,3,0,8,8,8,8,8,8,8,8,8,2,2,1,2,1,2,1,2,1,2,1,2,1,1,1,1,1,3,1,4,5,3,3,1,4,4,4,5,3,0,4,4,4,5,0,4,4,4,5,0,0,0,3,0,3,0,4,5,2,2,2,2,2,2,1,0,0,3,0,3,0,4,5,3,3,3,3,0,3,0,8,8,8,8,8,8,1,1,1,4,5,2,4,5,1,4,5,2,4,5,2,2,2,2,1,2,1,2,2,2,0,4,4,4,5,0,3,0,4,4,5,0,4,4,5,0,4,4,4,5,3,3,3,4,5,1,1,1,1,2,1,0,3,0,3,0,3,0,4,5,0,4,5,2,4,5,0,3,3,3,3,3,8,8,8,8,8,1,1,1,1,4,4,5,3,1,4,4,5,2,2,2,2,2,2,2,2,1,0,0,0,2,0,4,4,5,2,2,2,4,4,4,5,2,0,4,4,5,2,1,4,4,4,5,3,3,0,3,0,3,0,4,4,5,1,1,1,1,1,3,1,3,1,0,0,0,0,0,3,0,3,3,3,3,3,3,8,8,8,8,8,8,1,2,1,2,4,4,4,5,1,4,5,2,0,2,0,2,0,4,5,2,4,5,0,4,5,1,1,1,1,1,1,2,1,0,0,0,0,0,0,0,2,0,4,4,5,0,4,4,5,2,2,1,4,4,5,2,4,4,4,5,3,3,3,3,3,4,5,1,3,3,3,3,3,3,8,8,8,8,8,2,1,2,1,2,1,2,1,2,1,2,1,2,1,0,0,0,0,0,3,0,3,0,4,5,1,1,1,1,1,2,1,2,1
3,4,4,5,3,4,4,5,3,4,4,5,3,4,4,5,3,4,4,5,2,2,2,2,2,2,0,4,4,4,5,2,4,4,4,5,0,4,4,4,5,1,1,1,1,4,4,4,5,3,4,4,5,3,0,0,3,3,0,4,4,5,3,4,4,5,1,1,4,4,5,3,4,5,3,4,5,2,2,2,2,2,0,3,3,1,1,4,4,5,3,4,4,5,3,3,4,4,5,3,4,5,1,4,5,2,2,2,2,2,2,0,0,0,3,1,3,3,3,3,3,3,1,1,1,1,1,1,8,8,8,8,8,8,8,8,3,3,3,3,4,5,3,4,5,3,4,5,3,4,4,5,3,4,4,4,5,2,1,1,1,1,1,1,1,3,4,4,4,5,1,4,4,4,5,2,4,4,5,2,0,4,5,3,0,0,4,4,5,0,4,4,5,0,4,4,4,5,0,4,4,5,2,4,4,5,3,1,1,1,1,1,3,3,3,0,4,4,4,5,0,4,4,4,5,2,4,4,4,5,0,0,4,5,3,4,4,4,5,2,2,2,1,1,1,1,3,1,1,1,4,4,4,5,2,1,4,4,4,5,2,2,2,2,2,2,0,0,0,0,0,0,0,0,0,0,8,8,8,8,8,8,8,8,3,3,3,4,4,5,3,4,5,3,4,5,3,1,1,1,1,1,1,2,2,1,1,4,4,5,2,4,4,5,0,4,4,5,0,0,0,4,4,4,5,0,4,5,3,3,3,1,1,1,2,1,1,1,1,4,4,4,5,2,2,2,2,0,4,4,5,0,4,4,5,2,2,4,4,5,1,4,4,5,3,3,3,3,3,3,3,0,0,0,2,0,0,0,2,2,2,2,2,0,0,0,8,8,8,8,8,8,8,3,1,1,4,5,1,4,5,1,4,5,3,4,5,2,1,4,5,3,3,3,3,3,1,2,0,0,0,0,4,4,5,2,4,5,1,4,5,2,0,4,4,4,5,0,4,5,3,3,3,1,1,1,1,1,2,2,2,2,2,2,4,4,5,0,0,4,5,2,1,4,5,2,1,1,4,4,5,1,1,1,1,4,4,4,5,3,3,3,3,3,3,3,2,2,2,2,2,0,0,0,0,0,0,0,0,0,0,0,8,8,8,8,8,8,8,8,3,3,3,3,3,3,1,1,1,1,1,1,3,3,3,3,0,0,0,4,4,4,5,0,4,4,4,5,0,4,4,4,5,3,4,4,5,2,0,0,4,4,4,5,2,2,2,2,1,1,1,1,1,1,1,3,0,0,0,0,0,0,4,4,5,3,3,4,4,5,0,4,4,5,3,0,4,4,4,5,0,4,4,4,5,2,2,2,2,1,1,1,2,2,2,2,2,2,8,8,8,8,8,8,8,3,3,3
"""

You are playing: Smooth Brain
You won this match
Your game win count:       21
Opponent game win count:    9
Put the 4 lines between the """ characters in a file to watch a replay
You are the blue player in the closest scoring round replay from this match:
"""
28
1615186930878
3,3,4,4,4,5,2,0,4,4,4,5,2,0,0,4,4,4,5,2,0,4,4,4,5,2,1,4,4,4,5,3,3,1,1,1,8,2,2,2,1,4,5,2,4,5,1,4,5,1,4,5,1,3,0,3,0,4,4,5,3,3,0,0,8,3,3,3,3,1,1,4,4,4,5,3,1,1,1,1,4,4,4,5,3,1,4,4,4,5,1,1,4,4,4,5,1,4,4,4,5,2,2,2,2,2,2,0,0,0,0,0,0,0,0,0,0,8,1,1,2,2,2,2,2,2,1,1,1,1,1,8,8,8,8,8,8,8,8,8,8,2,2,2,2,2,4,4,5,3,1,1,1,4,4,5,3,1,1,4,4,5,3,3,1,4,4,5,1,4,4,5,2,2,2,2,2,2,2,8,1,4,4,4,5,3,1,4,4,4,5,1,1,4,4,4,5,3,1,4,4,4,5,3,4,4,4,5,2,2,2,0,0,0,0,0,8,0,0,4,5,3,3,3,0,4,5,0,4,5,2,4,5,0,4,5,2,2,1,1,1,1,1,8,3,1,4,4,5,3,4,4,5,0,0,0,0,4,4,4,5,3,3,3,1,1,3,3,0,0,0,0,0,8,8,8,8,8,8,8,8,8,8,3,3,3,3,3,3,1,4,4,4,5,0,0,0,0,4,4,4,5,3,0,0,0,0,0,8,2,2,2,1,1,1,4,4,4,5,3,3,3,3,3,3,3,1,1,1,1,4,4,4,5,1,4,4,4,5,3,1,1,4,4,4,5,2,1,1,1,4,4,4,5,2,2,2,2,2,2,2,0,0,0,0,0,0,0,0,0,0,0,0,0,8,1,1,4,4,5,3,3,4,4,5,2,2,2,2,2,2,2,2,1,1,1,1,1,8,8,8,8,8,8,8,8,8,8,3,3,3,3,3,3,3,4,4,5,2,1,4,4,5,3,3,3,4,4,5,2,2,2,0,0,0,0,0,0,0,0,8,2,2,2,2,2,2,2,0,0,0,0,4,4,4,5,2,2,4,4,4,5,2,4,4,4,5,2,4,4,4,5,2,2,2,2,4,4,4,5,3,3,3,3,3,3,3,3,3,3,3,3,3,3,3,1,1,1,1,8,2,0,4,4,5,2,4,4,5,1,4,4,5,1,2,2,2,2,1,1,1,1,1,1,8,8,8,8,8,8,8,8,8,8,3,3,3,3,3,3,0,0,4,4,5,3,0,4,4,5,2,0,0,0,0,8,2,2,2,2,2,2,4,5,1,1,4,5,3,4,5,1,4,5,1,4,5,3,3,3,3,3,0,0,0,0,8,2,2,2,2,2,2,2,2,2,1,1,1,1,1,1,1
1,4,4,5,2,4,4,5,2,4,4,5,1,4,4,5,3,1,4,4,5,0,0,3,0,2,0,4,4,4,5,3,0,4,4,4,5,3,3,4,5,1,1,4,4,5,1,1,1,4,5,0,2,0,2,0,1,1,3,3,4,4,5,1,1,4,5,3,4,5,3,4,5,0,4,4,5,2,2,0,2,0,2,0,2,2,2,1,4,4,4,5,1,4,4,4,5,2,4,4,4,5,1,4,4,4,5,3,3,3,3,1,3,1,4,5,0,0,0,0,2,0,3,3,3,3,4,4,5,1,1,4,5,3,4,5,1,1,1,3,1,3,1,8,8,8,8,8,8,8,8,8,1,1,1,1,4,5,1,4,5,3,3,3,3,3,3,1,3,1,2,2,4,4,5,1,4,4,5,2,4,4,5,1,4,4,5,1,3,1,4,5,0,0,3,0,3,0,3,1,4,4,4,5,3,1,4,4,4,5,0,0,4,4,4,5,2,0,4,4,5,2,2,4,4,5,3,1,2,2,0,2,4,4,5,0,4,5,2,0,0,2,0,2,0,8,8,8,8,8,8,1,1,4,5,1,4,5,1,4,5,3,3,3,3,3,1,3,1,2,2,2,4,4,5,2,4,4,5,0,4,4,4,5,2,4,4,4,5,1,1,4,4,5,3,3,3,3,3,0,2,0,2,0,4,4,5,2,2,2,4,5,2,1,4,5,1,4,4,5,2,2,0,4,5,3,3,0,0,0,0,0,8,8,8,8,8,3,1,3,1,3,1,3,1,3,1,3,1,3,3,3,0,4,4,4,5,0,2,0,2,0,4,4,5,2,4,4,5,2,4,4,5,2,2,4,5,1,3,1,3,1,3,1,0,0,0,2,0,2,0,4,5,2,2,2,2,0,8,8,8,8,8,3,3,1,4,5,3,0,4,5,0,4,5,3,4,5,1,1,1,1,1,3,1,3,1,2,0,2,0,2,0,4,4,5,2,2,2,2,2,4,5,1,4,5,2,0,4,5,0,4,5,3,3,3,3,3,3,1,3,1,3,1,3,1,1,1,1,2,1,4,4,4,5,2,1,4,4,4,5,2,1,4,4,4,5,0,2,0,4,4,4,5,3,0,4,4,2,2,2,2,4,4,5,3,3,3,3,3,0,0,0,0,0,2,0,2,0,2,0,2,0,8,8,8,8,8,8,8,8,8,3,1,3,1,3,1,3,1,3,1,3,1,0,0,0,0,0,2,0,4,5,0,4,5,2,0,4,5,2,4,5,2,4,5,1,1,1,1,3,1,3,1,3,1,3,1,2,1,2,1,2,1,4,5,2,2,2,2,0,4,4,5,0,3,3,3,3,3,3,3,0
"""

You are playing: StratAdInfinitum
You won this match
Your game win count:       22
Opponent game win count:    8
Put the 4 lines between the """ characters in a file to watch a replay
You are the blue player in the closest scoring round replay from this match:
"""
28
1615187025902
3,3,4,4,4,5,3,3,4,4,4,5,1,4,4,4,5,1,1,1,4,4,4,5,0,2,4,4,4,5,0,0,0,2,2,2,1,3,4,4,5,1,4,4,5,1,3,4,4,5,1,4,4,5,1,4,4,5,0,0,0,0,0,2,2,0,0,3,4,4,4,5,0,4,4,4,5,0,4,4,4,5,2,2,2,4,4,4,5,1,4,4,4,5,1,1,1,3,3,3,3,3,4,4,5,1,1,1,1,1,4,4,5,1,1,4,4,5,2,2,4,4,5,2,2,2,2,2,2,2,8,8,8,8,8,8,8,0,0,3,3,3,3,4,4,4,5,0,0,0,0,0,3,3,1,1,1,3,4,4,4,5,0,1,1,2,4,4,4,5,1,1,1,1,3,4,4,4,5,1,4,4,4,5,1,4,4,4,5,0,0,0,0,0,0,0,0,0,0,2,1,1,1,2,4,4,5,1,1,1,3,4,4,5,3,4,4,5,1,1,1,0,0,2,2,4,5,2,4,5,2,2,2,2,8,8,8,8,8,8,8,0,0,0,0,0,0,0,3,3,3,3,3,3,0,2,2,2,2,4,4,4,5,1,1,1,1,4,4,4,5,0,0,0,0,0,0,0,0,4,4,4,5,2,2,4,4,4,5,1,4,4,4,5,1,1,1,1,3,3,3,3,3,3,1,2,2,2,2,4,4,5,0,0,0,0,4,4,5,1,1,1,1,1,1,1,1,1,1,2,2,8,8,8,8,8,8,8,0,2,2,2,2,2,4,4,5,0,0,0,0,4,4,5,1,2,1,0,4,4,5,1,1,1,1,1,1,1,1,1,1,1,2,2,0,0,0,3,3,4,5,3,4,5,3,4,5,3,3,4,4,4,5,1,1,1,1,1,3,4,4,4,5,0,0,2,2,2,2,2,2,2,2,4,4,4,5,1,0,0,0,0,0,0,0,3,3,3,3,3,3,3,3,8,8,8,8,8,8,8,8,0,2,2,2,2,2,4,4,4,5,0,2,2,2,2,2,2,4,4,4,5,2,4,4,4,5,0,4,4,4,5,1,1,1,1,1,1,1,1,1,3,3,3,3,3,3,4,4,5,3,4,4,5,3,3,4,4,5,1,4,4,5,0,0,4,4,5,1,2,2,2,2,1,2,2,4,4,4,5,1,1,3,4,4,4,5,1,3,3,3,3,4,4,4,5,3,4,4,4,5,3,0,0,0,0,0,0,0,0,0,0,3,3,8,8,8,8,8,8,8,8,1,1,1,1,1,1,1,1,1,1,4,4,4,5,0,0,0,0,2,2,2,2,2,2,2
2,4,5,2,1,4,4,4,5,2,4,4,4,5,2,0,4,4,4,5,3,3,3,1,3,1,4,4,5,0,0,1,1,1,4,4,5,1,4,4,5,2,4,4,5,3,1,1,4,4,5,3,4,5,0,0,0,0,0,2,0,3,3,1,4,4,5,3,3,4,5,1,4,5,1,4,5,1,4,5,2,0,2,0,2,0,2,0,0,0,4,4,4,5,3,0,4,4,4,5,1,3,1,4,4,5,1,1,1,4,4,5,1,1,1,4,5,0,0,0,2,0,2,3,3,1,2,3,3,1,3,1,3,1,3,1,3,1,8,8,8,8,8,8,8,8,8,3,1,3,1,3,1,3,1,3,1,3,1,3,1,2,0,4,5,2,2,2,4,4,5,2,4,5,2,4,5,2,4,5,3,3,3,3,3,3,3,1,3,3,4,4,5,3,1,4,4,4,5,3,0,4,4,5,0,4,4,4,5,2,2,2,0,2,0,4,4,5,1,1,1,2,2,2,0,2,0,0,0,2,0,2,0,8,8,8,8,8,8,1,1,1,4,5,1,4,5,3,4,5,3,4,5,0,4,5,3,3,1,3,1,3,1,0,0,2,0,4,4,5,0,4,4,5,2,4,5,2,1,4,5,3,3,3,0,4,4,5,1,1,1,1,1,3,1,3,1,4,4,4,5,2,2,2,2,2,1,4,4,4,5,1,4,4,4,5,1,4,4,4,5,0,0,0,0,0,0,0,2,0,0,0,2,0,2,0,8,8,8,8,8,8,8,1,3,1,4,5,3,3,1,3,1,3,1,3,1,0,0,0,0,0,4,4,5,2,2,2,4,5,2,4,5,1,4,5,2,1,4,5,3,3,3,1,3,1,3,1,2,2,2,2,2,2,2,1,4,4,5,1,1,1,2,4,4,5,0,4,4,5,0,0,0,0,0,3,0,8,8,8,8,8,8,1,1,1,4,5,1,4,5,3,3,3,3,3,3,1,3,1,2,2,2,2,2,2,2,2,0,4,5,2,4,5,0,4,5,3,4,5,2,0,4,5,3,3,3,3,3,3,3,1,3,1,3,1,0,0,3,0,3,0,4,4,5,0,3,0,4,4,4,5,3,4,4,4,5,3,3,0,4,4,4,5,2,2,2,2,2,2,2,2,2,2,2,2,8,8,8,8,8,8,8,3,3,3,4,5,1,1,1,1,3,1,3,1,3,1,0,0,0,2,0,2,0,2,0,4,5,0,0,0,4,5,2,4,5,0,4,5,3,4,5,1,1,1,1,1,1,1,3,1,3,1,3,1,2,1,2,1,2,1,2,1,4,4,4
"""

You are playing: J.A.R.V.A.S.
You won this match
Your game win count:       21
Opponent game win count:    9
Put the 4 lines between the """ characters in a file to watch a replay
You are the blue player in the closest scoring round replay from this match:
"""
24
1615187115509
0,0,4,4,4,5,3,3,4,4,4,5,1,4,4,4,5,3,3,1,1,1,1,4,4,4,5,1,1,4,4,4,5,2,2,2,2,0,0,0,0,0,1,1,4,4,5,3,3,4,4,5,1,1,1,1,1,4,4,5,2,2,0,4,4,5,0,4,4,5,0,0,0,0,0,2,1,1,1,4,5,2,4,5,2,4,4,4,5,3,3,1,4,4,4,5,3,3,3,3,1,1,1,4,4,4,5,2,2,2,0,0,0,0,0,0,0,2,2,2,2,2,1,1,1,1,1,1,8,8,8,8,8,8,8,8,8,3,1,1,4,4,5,3,3,1,1,4,4,5,2,1,4,4,5,2,1,2,1,4,4,5,1,4,4,5,2,2,2,2,2,2,2,0,0,2,1,4,4,4,5,1,4,4,4,5,2,4,4,4,5,0,0,4,4,4,5,2,0,4,4,4,5,3,3,3,1,3,3,3,0,0,4,5,3,4,5,3,4,5,3,1,1,1,4,4,5,1,1,4,4,5,2,2,2,2,2,2,0,0,0,3,3,4,4,5,1,4,4,5,2,2,1,1,4,4,5,2,0,3,3,3,3,3,3,3,0,0,0,0,0,0,0,8,8,8,8,8,8,8,8,8,3,3,1,1,1,4,4,4,5,2,2,1,1,1,1,4,4,4,5,2,2,2,2,2,2,0,0,2,0,4,2,2,0,4,4,4,5,3,0,0,4,4,4,5,2,0,4,4,4,5,2,2,0,4,4,4,5,0,0,4,4,4,5,3,3,3,3,3,1,1,1,1,1,1,1,1,2,0,4,5,0,0,0,4,4,5,3,4,4,5,0,4,4,5,2,0,4,4,5,3,1,1,1,1,1,1,3,3,1,1,3,3,3,3,0,0,0,0,0,0,0,8,8,8,8,8,8,8,8,8,2,2,2,2,2,4,4,4,5,3,1,1,1,1,1,1,1,4,4,4,5,1,1,4,4,4,5,3,3,0,4,4,4,5,3,0,0,4
1,4,4,5,3,1,4,4,5,1,4,4,5,3,1,4,5,1,4,5,0,0,0,2,0,2,0,2,2,4,4,4,5,0,4,4,4,5,1,1,1,4,4,4,5,1,4,4,5,1,4,4,5,0,0,3,0,3,0,3,3,4,4,5,1,4,4,5,1,4,4,5,3,4,5,3,4,5,2,2,2,0,2,0,0,0,4,4,4,5,3,3,3,0,4,5,3,3,1,4,5,3,4,4,4,5,1,1,1,1,1,1,1,1,8,8,8,8,8,8,8,1,1,1,4,5,3,3,3,3,1,3,1,3,1,1,4,4,4,5,0,2,0,4,5,2,1,4,4,5,1,1,4,4,5,2,2,4,4,5,0,0,2,0,4,5,3,3,3,3,3,1,3,3,1,4,4,4,5,0,0,4,4,4,5,3,0,4,4,4,5,2,2,2,2,2,0,2,2,0,2,0,8,8,8,8,8,8,1,1,4,5,1,4,5,3,3,3,3,1,3,1,0,2,0,2,0,4,5,2,4,5,2,4,5,3,0,4,5,3,4,5,1,1,3,1,3,1,1,1,3,1,4,4,4,5,2,2,4,4,4,5,2,2,2,1,4,4,4,5,2,4,4,5,0,0,0,0,0,0,0,0,0,0,0,8,8,8,8,8,3,3,4,5,1,1,3,1,3,1,3,1,2,2,2,2,2,2,0,4,5,2,4,5,3,0,4,5,2,0,4,5,2,4,5,3,3,3,3,3,3,1,3,1,3,1,0,0,0,2,0,2,0,2,2,2,8,8,8,8,8,3,3,3,4,5,3,0,4,5,0,4,5,2,4,5,2,4,5,1,1,1,1,3,1,3,1,3,1,0,0,0,0,2,2,0,2,0,4,5,0,0,4,5,3,4,5,2,2,4,5,2,2,0,4,5,2,2,2,2,0,2,0,2,0,1,2,1,4,4,5,1,1,4,4,5,2,1,4,4,5,2,4,4,5,2,1,4,4,5,0,0,3,0,3,0,3,0,3,0
"""

You are playing: GME=MOON
You lost this match
Your game win count:       11
Opponent game win count:   19
Put the 4 lines between the """ characters in a file to watch a replay
You are the blue player in the closest scoring round replay from this match:
"""
28
1615187205207
0,0,0,4,4,4,5,1,2,4,4,5,1,2,4,4,5,0,0,0,4,4,4,5,2,2,2,4,4,4,5,3,1,3,1,3,1,3,1,3,3,3,1,3,4,4,4,5,1,4,5,3,4,4,4,5,1,4,4,4,5,1,4,4,5,0,2,0,2,0,2,0,2,1,1,1,4,4,5,0,2,4,4,5,2,2,4,4,5,1,4,5,1,4,5,0,0,3,0,3,0,3,1,2,2,1,1,1,4,5,1,4,4,4,5,2,4,5,1,4,5,1,4,5,2,2,2,8,8,8,8,8,8,8,8,0,0,3,0,3,0,3,0,3,0,3,0,3,2,2,2,2,4,4,5,2,4,4,5,2,4,5,2,4,4,5,1,4,4,5,3,3,3,3,3,3,0,3,2,2,2,0,2,0,4,4,5,2,0,2,0,4,4,4,5,2,4,4,4,5,1,4,4,5,1,1,1,1,1,4,5,3,3,3,3,3,0,3,0,3,2,2,2,2,1,1,4,5,1,4,5,2,4,5,2,4,5,2,4,5,1,1,1,1,8,8,8,8,8,8,8,8,0,3,0,3,0,3,0,3,0,3,0,3,0,3,2,1,2,1,2,1,2,1,2,4,5,1,1,1,1,1,1,4,5,2,1,2,1,2,4,4,4,5,1,4,4,4,5,3,4,5,2,2,2,2,2,2,1,2,3,3,4,4,5,3,3,4,4,5,3,4,4,5,1,2,4,4,5,0,0,4,4,5,2,2,2,1,2,1,1,4,4,5,3,4,4,4,5,0,0,0,3,0,3,4,5,3,4,5,3,4,5,0,0,0,3,0,3,8,8,8,8,8,8,8,8,8,2,1,2,1,2,1,2,1,2,1,2,1,2,1,1,1,4,4,5,3,4,4,4,5,1,3,4,4,4,5,3,3,3,3,4,4,4,5,3,4,4,4,5,2,2,2,0,2,0,2,0,2,0,2,1,1,1,2,4,4,4,5,3,3,3,0,3,4,4,5,3,3,3,4,4,5,0,0,0,2,4,5,0,0,4,4,4,5,2,2,1,2,1,2,1,2,0,0,3,4,4,5,0,4,4,5,0,0,4,5,3,4,4,4,5,3,4,5,3,3,3,0,3,8,8,8,8,8,8,8,8,8,2,1,2,1,2,1,2,1,2,1,2,1,2,0,2,0,2,0,2,4,4,4,5,0,2,4,4,4,5,3,3,4,4,5,0,3,4,4,5,3,4,4,5,1,1,1,1,1,3,3,0,3,4,4,5,0,0,3,4,5,0,4,4,5,3,4,5,2,2,4,5,1,1,2,1,2,1,2
3,4,4,5,3,4,4,5,1,4,4,5,3,1,4,5,1,4,5,2,0,2,0,2,0,1,4,4,4,5,3,1,4,4,4,5,1,4,4,5,1,3,1,4,5,1,4,5,0,0,0,0,2,0,2,0,2,2,4,4,4,5,0,4,4,4,5,2,0,4,4,4,5,3,3,3,3,3,3,1,4,4,5,3,4,4,5,2,2,2,2,1,3,3,3,3,4,4,5,1,1,4,5,1,4,5,3,1,1,3,1,3,1,8,8,8,8,8,8,8,1,1,1,1,4,5,1,4,5,3,3,3,3,3,3,1,3,1,1,1,4,4,4,5,2,0,4,4,5,2,4,4,5,2,2,4,4,5,1,4,4,5,3,3,3,0,3,0,3,1,4,4,4,5,3,4,4,4,5,1,4,4,4,5,0,3,0,4,5,2,0,4,5,2,2,1,3,0,4,4,4,5,3,3,4,4,4,5,0,4,4,4,5,0,4,4,4,5,3,3,4,5,2,2,2,1,2,1,2,1,2,0,4,4,5,2,4,4,5,0,4,4,5,2,4,4,5,2,0,0,2,0,2,0,8,8,8,8,8,8,8,8,1,1,1,4,5,3,3,3,3,1,3,1,3,1,2,2,2,4,4,5,2,2,0,4,5,0,4,5,3,4,5,0,4,5,3,3,1,3,1,3,1,3,3,3,3,4,4,4,5,2,0,2,0,4,4,5,2,0,2,0,4,4,5,2,4,4,5,3,3,0,4,4,5,1,1,1,1,2,1,2,0,2,0,2,0,2,0,2,0,2,0,8,8,8,8,8,8,8,3,3,1,4,5,1,4,5,3,1,4,5,2,2,4,5,2,1,4,5,3,3,3,3,3,1,3,1,2,2,2,2,2,2,4,4,5,1,4,4,5,1,4,4,5,1,4,4,5,3,0,4,4,5,3,3,3,3,0,3,0,0,0,2,0,2,0,2,2,2,0,2,0,8,8,8,8,8,3,3,3,4,5,3,4,5,1,4,5,1,4,5,3,0,4,5,1,1,1,1,3,1,0,0,2,0,2,0,2,0,4,4,5,3,0,3,0,4,5,3,3,4,4,5,3,4,4,5,1,4,4,4,5,1,1,1,1,2,1,2,1,2,2,2,2,1,1,1,1,1,4,4,4,5,2,4,4,4,5,2,1,4,4,4,5,2,4,4,4,5,0,4,4,0,0,0,0,0,0,0,0,0,0,0,8,8,8,8,8,8,8,1,1,2,1,4,5,3,3,3,3,3,3,1,3,1,3,1,2,2,2,2,2,2,0,2,2,2,0,2,0,0,0,4,4,5,0,0
"""

You are playing: MyStrategy
You won this match
Your game win count:       17
Opponent game win count:   13
Put the 4 lines between the """ characters in a file to watch a replay
You are the blue player in the closest scoring round replay from this match:
"""
20
1615187297687
1,4,4,5,3,4,4,4,5,2,2,1,1,4,4,4,5,2,4,5,1,1,1,4,4,4,5,3,3,0,0,0,0,0,0,0,4,5,0,4,4,5,2,2,4,5,2,1,4,4,5,1,1,4,5,3,3,3,0,2,2,0,0,0,4,4,4,5,2,4,4,4,5,0,4,4,4,5,2,2,1,4,4,4,5,3,1,4,4,4,5,3,3,3,3,1,1,2,2,2,2,4,4,5,2,4,4,5,1,4,5,3,4,5,1,4,5,3,3,3,3,0,0,2,2,2,1,1,4,5,1,4,5,1,4,5,3,1,4,5,3,4,5,2,2,2,8,8,8,8,8,8,8,8,8,3,3,3,3,0,0,0,0,0,2,1,1,1,1,4,4,5,2,4,4,5,3,3,3,3,4,4,5,2,1,4,4,5,2,1,4,4,5,0,0,0,0,0,0,3,3,3,3,1,1,1,1,1,4,4,4,5,2,2,1,1,4,4,4,5,2,2,2,0,4,5,2,2,2,2,1,1,4,4,4,5,2,2,4,5,2,2,2,1,1,3,4,4,5,2,0,0,4,4,5,3,3,0,4,5,2,0,0,4,5,3,4,4,5,1,4,4,5,2,2,1,1,1,1,2,0,4,4,4,5,2,2,0,0,0,4,4,4,5,2,0,4,4,4,5,3,3,3,3,3,3,3,3,0,3,2,2,2,2,2,3,3,3,3,1,8,8,8,8,8,8,8,8
1,4,5,1,4,4,5,1,4,5,3,4,5,0,4,4,5,0,2,0,3,4,4,5,0,0,4,4,4,5,2,4,4,4,5,3,3,3,4,4,5,1,3,1,4,4,5,2,2,2,2,3,1,3,1,4,5,1,4,5,1,4,5,3,4,5,2,2,4,5,0,0,0,2,0,2,2,0,4,4,4,5,1,1,3,1,4,4,5,1,4,4,5,1,4,4,5,3,4,4,5,0,0,0,0,3,3,3,3,1,4,5,1,1,1,3,1,8,8,8,8,8,8,8,1,3,1,4,5,3,4,5,3,4,5,3,4,5,1,1,3,1,3,4,4,4,5,1,4,4,4,5,3,4,4,4,5,2,2,2,2,4,4,5,1,4,4,4,5,3,0,3,0,2,2,2,4,4,5,1,1,4,4,5,1,1,4,4,4,5,2,4,4,4,5,0,0,0,0,0,4,5,3,3,3,3,1,0,0,0,4,4,5,2,2,2,2,0,8,8,8,8,8,3,4,5,2,1,1,4,4,5,2,2,2,2,2,2,2,4,4,4,5,2,0,4,5,3,3,3,3,3,1,3,1,3,1,2,2,0,4,4,5,2,2,2,4,4,5,2,1,4,4,5,2,1,4,4,5,0,0,0,0,0,0,0,3,0,4,5,2,2,0,2,0,2,0,3,3,3,1,3,1,1,1,3,1,8,8,8,8,8,8,0,0,0,0,4,5,2,4,5,2,2,2,0,2,0
"""

You are playing: Shulk
You won this match
Your game win count:       27
Opponent game win count:    3
Put the 4 lines between the """ characters in a file to watch a replay
You are the red player in the closest scoring round replay from this match:
"""
24
1615187894329
1,1,4,4,5,2,4,5,1,4,4,5,1,4,5,2,4,5,0,0,3,0,3,0,3,3,4,4,4,5,2,0,4,4,4,5,0,2,0,4,4,4,5,2,0,4,5,2,4,4,4,5,1,1,3,1,3,1,2,2,4,4,5,2,4,4,5,1,4,4,5,1,1,4,5,1,4,5,0,3,0,3,0,3,0,2,2,2,1,2,1,1,1,1,2,1,8,8,8,8,8,8,3,3,4,5,1,4,5,1,4,5,1,4,5,3,4,5,0,0,0,0,0,0,0,3,0,3,0,2,1,2,1,4,4,5,2,2,4,5,1,4,5,2,4,5,2,4,5,3,3,3,3,0,3,0,3,0,2,0,2,0,4,4,5,2,4,4,5,0,0,4,4,4,5,2,1,4,5,1,1,2,1,4,4,5,3,3,3,3,3,1,1,3,1,4,4,4,5,3,3,4,4,4,5,3,1,4,4,4,5,2,1,4,4,5,2,2,2,2,2,2,2,2,1,8,8,8,8,8,8,8,8,1,1,1,4,5,2,2,2,2,2,1,2,1,2,1,3,4,4,5,3,4,4,5,3,4,4,5,0,4,4,5,0,4,5,2,2,1,2,1,2,1,4,4,4,5,1,4,4,4,5,3,3,4,4,4,5,3,1,4,4,4,5,3,3,0,3,0,3,0,4,5,2,2,2,2,2,2,0,0,3,0,4,5,3,3,3,3,0,3,0,8,8,8,8,8,8,1,1,4,5,1,4,5,2,4,5,2,4,5,2,2,2,1,2,1,3,3,0,4,4,5,0,4,4,5,3,0,4,5,0,4,5,2,2,2,4,4,5,1,1,1,1,2,2,0,4,4,4,5,2,0,4,4,4,5,0,4,4,4,5,3,3,4,4,5,0,4,4,5,1,1,1,3,1
1,1,4,4,5,3,4,4,5,1,4,4,5,3,4,5,1,4,4,5,2,2,0,0,0,0,3,3,4,4,5,0,4,4,4,5,2,4,4,5,0,3,4,4,4,5,2,0,4,4,4,5,2,1,1,1,0,0,2,4,4,4,5,3,0,4,4,4,5,3,3,3,0,4,4,5,3,4,4,4,5,3,4,4,4,5,2,2,2,2,2,1,1,1,1,2,2,1,4,4,5,1,4,4,4,5,1,4,4,5,2,4,4,4,5,3,3,4,4,5,3,0,0,0,1,1,1,1,4,4,5,3,1,4,5,1,4,5,1,4,5,1,4,5,2,0,0,0,0,0,3,3,3,3,3,3,1,1,1,8,8,8,8,8,8,8,8,8,3,3,3,3,3,3,1,1,1,1,1,1,0,4,4,5,3,4,4,5,3,4,4,4,5,1,4,4,4,5,1,1,4,4,4,5,2,2,0,0,1,1,4,4,4,5,3,1,4,4,5,2,2,2,4,4,4,5,2,1,4,4,4,5,3,3,4,4,4,5,3,0,0,0,0,2,0,0,4,4,5,0,4,5,0,4,4,5,0,2,4,5,0,4,5,3,3,1,1,1,1,1,1,2,2,2,1,4,4,5,0,0,4,4,5,2,2,4,5,2,4,5,2,4,4,5,3,3,3,3,3,3,3,2,2,2,2,2,0,0,0,0,8,8,8,8,8,8,8,8,8,3,3,3,3,3,1,1,1,1,1,2,2,2,2,0,0,4,4,4,5,0,4,5,0,4,5,2,2,2,1,4,5,2,4,4,5,3,3,3,3,3,3,3,3,1,1,1,2,0,0,0,0,0,0,4,5,0,4,4,5,2,4,5,2,4,4,4,5,2,2,0,0,0,4,5,2,2,2,2,2,2,2,0,0,3,3,3,1
"""

You are playing: Dali No 1
You lost this match
Your game win count:       14
Opponent game win count:   16
Put the 4 lines between the """ characters in a file to watch a replay
You are the blue player in the closest scoring round replay from this match:
"""
28
1615187926032
1,4,4,4,5,3,3,3,4,4,4,5,1,1,4,4,4,5,1,4,4,4,5,2,2,2,4,4,4,5,0,0,0,0,2,1,4,5,1,1,4,5,2,4,5,1,4,5,2,4,5,3,3,3,0,0,0,0,1,1,4,4,5,2,4,4,5,3,3,1,4,4,5,2,1,1,4,4,5,1,4,4,5,0,0,0,0,0,0,3,0,4,4,4,5,0,4,4,4,5,2,2,4,4,4,5,0,4,4,4,5,2,0,0,4,4,4,5,3,3,1,1,1,1,1,2,2,2,1,1,4,5,1,1,2,2,2,1,1,1,8,8,8,8,8,8,8,8,8,3,3,3,4,5,3,4,5,3,4,5,1,4,5,3,0,0,0,0,0,0,0,0,2,2,4,4,5,2,2,0,4,4,5,1,1,1,1,1,4,4,4,5,3,3,1,4,4,4,5,3,3,3,3,3,3,1,1,4,4,4,5,2,2,2,2,0,0,0,0,0,0,0,2,1,1,1,1,1,4,4,5,3,3,3,1,1,1,4,4,5,3,4,4,5,2,1,4,4,5,3,1,1,4,4,5,2,2,2,0,0,0,0,0,0,0,0,0,0,0,2,2,2,2,2,2,2,2,2,2,2,2,2,1,1,1,1,1,1,1,1,1,1,1,1,1,1,1,1,1,1,1,1,1,1,1,8,8,8,8,8,8,8,8,8,3,3,3,0,4,5,3,4,5,1,1,4,5,1,4,5,1,4,5,3,3,0,0,0,0,0,0,0,0,0,0,2,2,0,0,0,0,4,4,5,2,2,1,4,4,5,2,2,1,4,4,5,2,4,4,5,1,4,4,5,3,3,3,3,3,3,3,1,2,2,2,2,2,2,1,4,5,1,4,5,1,4,5,3,4,5,1,4,5,3,3,3,3,3,0,0,0,0,2,2,2,2,2,2,1,1,1,1,1,1,1,8,8,8,8,8,8,8,8,8,2,2,1,1,1,1,1,1,4,4,4,5,2,0,4,4,4,5,2,2,2,2,1,1,4,4,4,5,2,3,1,4,4,5,3,3,1,4,4,5,3,3,1,4,4,5,3,4,4,5,0,2,0,4,4,5,2,2,2,2,2,0,1,1,4,4,4,5,2,2,4,4,4,5,0,0,4,4,4,5,0,4,4,4,5,2,2,2,4,4,4,5,3,3,3,3,3,1,2,0,4,5,3,3,3,0,0,0,4,5,3,4,5,3,4,5,1,4,5,2,2,2,2,1,1,1,3,3,3,3,3,3,3,0,0,0,0,0,0,0,0,0,0,0,0,0,0,0,8,8,8,8,8,8,8,8,8,2,2,2,0,0,4,4,5,3,0
1,4,4,5,1,4,4,5,3,4,5,0,4,4,5,2,2,4,4,5,3,0,0,4,4,4,5,2,4,4,4,5,0,4,4,4,5,0,4,4,4,5,3,4,4,4,5,1,1,1,1,1,1,4,4,5,2,4,4,5,3,3,1,4,4,5,3,4,5,1,4,5,0,0,0,2,0,2,0,3,3,0,4,4,5,3,3,4,4,5,3,4,5,0,4,4,5,0,4,5,2,2,2,1,2,1,2,1,3,3,3,4,4,4,5,3,4,4,5,1,4,4,5,1,1,4,5,1,3,1,3,1,3,1,8,8,8,8,8,8,8,1,1,1,1,4,5,3,3,3,3,3,1,3,1,3,1,2,4,4,4,5,2,4,5,0,2,4,4,5,2,0,4,5,1,1,4,4,5,3,3,3,3,1,4,4,4,5,3,4,4,4,5,1,2,1,4,4,4,5,1,4,4,4,5,2,2,4,4,4,5,0,0,3,0,3,0,0,2,0,4,4,5,2,0,4,5,2,2,0,2,0,2,0,8,8,8,8,8,8,1,1,4,5,1,4,5,1,4,5,3,3,3,3,3,1,3,1,3,0,3,0,4,5,3,3,4,4,4,5,3,4,4,4,5,3,0,4,4,4,5,2,2,4,4,4,5,2,2,1,2,1,2,1,2,0,2,0,2,0,4,5,2,4,5,2,4,5,1,4,5,2,1,0,0,0,0,0,8,8,8,8,8,1,3,1,4,5,3,3,1,3,1,3,1,3,1,3,3,3,4,4,4,5,3,0,4,4,5,0,0,3,0,4,4,4,5,2,2,4,4,4,5,3,0,3,0,3,0,4,4,5,1,2,1,2,1,2,1,2,1,2,1,2,1,2,1,1,1,4,4,4,5,2,2,0,2,2,4,4,5,0,2,4,4,5,0,0,0,0,0,0,0,8,8,8,8,8,8,8,3,3,1,4,5,1,4,5,3,1,3,1,3,1,3,1,2,2,2,2,2,2,0,4,5,2,4,5,0,4,5,2,4,5,0,4,5,3,3,3,3,3,3,1,3,1,3,1,2,2,2,2,2,2,1,2,1,4,4,5,2,1,0,4,4,5,2,2,0,2,0,4,4,5,2,0,4,5,0,3,0,3,0,3,0,8,8,8,8,8,8,8,2,1,2,1,4,5,3,3,3,3,3,3,1,3,1,3,1,3,1,0,2,0,2,0,2,0,4,5,0,4,5,0,0,0,0,4,5,2,4,5,2,2,2,2,0,4,5,2,2,2,0,2,0,2,0,2,0,2,2,2,4,4,4,5,2,4,4,4,5,1,3,1,4,4,4,5,2,2,4,4,4,5,3,3,3,3,0,3,0
"""

Your placement is: 9 / 133
Top 4 strategies:
tonyCaiJiBotV5 in place 3
Adyy in place 3
Confusion in place 2
MyStrategy in place 1
Congratulations to the winner: MyStrategy
