You are playing: Deliberate Strategy
You won this match
Your game win count:       25
Opponent game win count:    5
Put the 4 lines between the """ characters in a file to watch a replay
You are the blue player in the closest scoring round replay from this match:
"""
28
1615016797754
2,4,4,5,0,4,4,5,0,4,4,4,5,0,4,4,4,5,3,4,4,4,5,1,1,1,3,1,4,4,5,2,1,4,5,2,4,4,5,1,4,4,4,5,2,4,5,3,3,0,0,0,2,2,4,4,5,2,4,4,5,0,4,4,5,2,4,4,5,1,4,4,5,3,3,3,3,3,3,0,4,4,5,0,4,4,4,5,2,2,2,2,4,4,4,5,0,0,0,4,4,4,5,2,4,4,4,5,3,3,3,1,1,1,1,1,1,1,1,1,4,4,5,1,4,4,5,3,2,2,2,2,2,2,2,1,1,8,8,8,8,8,8,8,8,3,3,3,4,4,5,3,4,5,3,4,5,3,0,0,0,0,0,0,0,2,2,2,2,1,4,4,5,1,4,5,1,4,5,3,4,5,3,1,4,5,3,3,0,0,0,0,2,2,2,2,2,4,4,5,1,4,5,1,4,5,1,4,5,1,4,4,4,5,3,3,3,3,3,0,0,0,0,3,3,3,3,3,1,4,4,4,5,3,1,1,2,2,2,2,2,2,2,2,2,2,2,2,1,1,1,1,8,8,8,8,8,8,8,8,3,3,3,1,4,5,3,4,5,2,1,4,5,1,4,5,3,3,3,0,0,0,0,0,0,0,0,0,0,3,1,1,1,1,1,4,4,5,3,3,4,4,5,1,1,4,4,5,2,0,4,4,4,5,2,2,4,4,5,0,0,0,0,0,0,2,1,1,1,1,1,1,4,4,4,5,2,0,4,5,2,4,4,5,1,4,4,4,5,1,1,1,1,2,2,2,0,0,8,8,8,8,8,8,8,3,1,1,4,5,2,2,2,2,2,2,2,2,2,1,1,1,1,1,4,4,5,3,4,4,5,3,1,4,4,5,3,3,1,4,4,5,3,1,4,4,4,5,2,2,2,2,2,0,0,0,0,0,0,4,4,5,0,0,4,4,5,3,3,4,5,3,4,5,3,4,5,2,2,2,2,1,1,1,1,2,1,4,5,2,2,2,0,3,3,3,3,3,3,3,3,3,3,3,0,0,0,0,0,0,8,8,8,8,8,8,8,8,8,2,2,2,1,4,5,2,4,5,2,4,4,5,0,4,5,0,4,5,2,2,1,1,1,1,1,1,1,3,3,0,4,4,4,5,3,4,4,5,3,3,4,4,4,5,0,4,4,4,5,3,1,1,4,4,5,2,2,2,2,2,2,2,2,2,2,4,4,4,5,0,4,4,4,5,0,4,4,4,5,3,4,4,4,5,2,0,4,4,4,5,3,3,3,3,1,1,1,3,3,3,0,0,0,4,5,2,3,3,3,3,3,0,0,0,8
1,4,4,5,1,4,4,5,3,4,4,5,1,4,4,5,3,4,4,5,2,2,0,0,0,3,4,4,5,3,4,4,5,3,1,1,4,5,1,1,4,5,1,4,5,2,2,2,0,0,0,0,0,2,2,1,4,4,4,5,0,0,4,4,4,5,0,4,5,3,3,3,4,4,4,5,0,3,4,4,4,5,2,2,1,1,1,3,3,3,3,1,4,5,1,1,4,5,1,3,3,3,1,1,1,8,8,8,8,8,8,1,1,1,1,4,5,1,4,5,3,4,5,3,3,3,3,3,3,1,1,2,4,4,4,5,1,1,4,4,4,5,2,1,4,4,4,5,2,2,4,4,4,5,2,4,4,5,0,0,0,3,3,3,3,3,0,0,4,4,5,0,0,4,4,5,0,4,4,5,2,4,5,2,4,5,3,3,1,1,1,1,1,3,1,4,4,4,5,3,1,1,4,4,4,5,0,0,0,0,4,4,4,5,3,4,5,0,4,4,4,5,2,2,2,1,1,2,2,2,0,4,4,5,0,4,4,5,2,2,2,0,0,0,0,8,8,8,8,8,8,8,8,1,1,1,4,5,3,4,5,3,4,5,3,3,3,3,1,1,1,0,0,0,3,4,4,4,5,3,4,4,5,3,4,4,4,5,2,2,0,0,4,4,5,0,3,4,4,5,2,2,1,1,1,1,1,1,2,2,2,2,2,4,4,5,0,4,5,2,4,5,2,4,4,5,2,0,0,0,0,0,3,8,8,8,8,8,2,1,1,4,5,3,3,3,3,3,3,3,3,1,1,1,1,2,2,2,2,0,0,4,5,2,4,4,4,5,2,2,2,4,5,1,4,5,0,0,4,5,3,3,3,3,3,3,3,3,1,1,1,2,2,2,2,1,1,4,4,5,2,0,4,4,5,2,2,1,1,4,4,5,1,4,4,4,5,2,2,2,0,0,0,0,0,0,4,5,3,0,0,0,0,3,3,8,8,8,8,8,8,8,8,3,3,3,3,3,3,3,1,1,1,1,1,1,2,2,2,0,0,0,4,5,2,0,4,4,4,5,2,2,2,2,2,4,5,1,4,5,2,4,5,3,3,3,3,3,3,3,3,3,3,1,1,1,2,2,2,2,2,2,0,0,0,0,0,0,8,8,8,8,8,8,2,2,2,2,2,0,4,5,0,4,4,4,5,2,2,4,5,2,4,4,5,1,4,4,5,0,0,0,0,0,0,0,3,3,1,4,4,5,1,1,1,4,5,3,3,4,5,1,4,5,0,3,4,5,2,2,2,2,2,0,0,0,0,1,1,1,1,1,4,4,5,3,4,4,5,2,0,0,0,0,0
"""

You are playing: Dali No 1
You won this match
Your game win count:       19
Opponent game win count:   11
Put the 4 lines between the """ characters in a file to watch a replay
You are the blue player in the closest scoring round replay from this match:
"""
28
1615016813906
3,4,4,4,5,0,4,4,4,5,3,3,3,1,1,1,4,4,4,5,1,4,4,4,5,1,4,4,4,5,2,2,2,2,0,0,0,0,3,1,4,4,5,3,1,4,4,5,1,1,4,4,5,1,4,4,5,1,4,4,5,2,2,0,0,0,0,0,0,2,0,0,0,4,5,2,1,1,1,1,1,1,4,5,1,4,5,1,4,5,2,4,5,3,3,3,0,0,0,0,0,2,0,4,4,5,2,4,4,5,1,4,4,5,2,1,4,4,5,0,0,4,4,5,3,3,3,1,2,2,2,2,2,2,1,1,1,1,1,1,1,1,8,8,8,8,8,8,8,8,8,3,3,3,4,4,4,5,1,4,4,4,5,3,3,3,4,4,4,5,2,2,0,0,4,4,4,5,1,4,5,3,3,0,0,0,0,0,0,0,3,3,3,3,3,1,4,5,1,4,5,1,1,1,1,1,1,4,5,3,1,4,5,2,2,2,2,2,2,2,2,2,2,2,2,2,2,2,2,2,2,2,2,2,2,2,2,2,2,2,2,2,2,2,2,2,2,2,2,2,2,2,2,2,2,2,2,2,2,2,2,2,2,2,2,2,2,2,2,2,2,2,2,2,2,2,2,2,2,2,2,2,2,2,2,2,2,2,2,2,2,2,2,2,2,2,2,2,2,2,2,2,2,2,2,2,2,2,2,2,2,2,2,2,2,2,2,2,2,2,2,2,2,2,2,2,2,2,2,2,2,2,2,2,2,2,2,2,2,2,2,2,2,2,2,2,2,2,2,2,2,2,2,2,2,2,2,2,2,2,2,2,2,2,2,2,2,2,2,2,2,2,2,2,2,2,2,2,2,2,2,2,2,2,2,2,2,2,2,2,2,2,2,2,2,2,2,2,2,2,2,2,2,2,2,2,2,2,2,2,2,2,2,2,2,2,2,2,2,2,2,2,2,2,2,2,2,2,2,2,2,2,2,2,2,2,2,2,2,2,2,2,2,2,2,2,2,2,2,2,2,2,2,2,2,2,2,2,2,2,2,2,2,2,2,2,2,2,2,2,2,2,2,2,2,2,2,2,2,2,2,2,2,2,2,2,2,2,2,2,2,2,2,2,2,2,2,2,2,2,2,2,2,2,2,2,2,2,2,2,2,2,2,2,2,2,2,2,2,2,2,2,2,2,2,2,2,2,2,2,2,2,2,2,2,2,2,2,2,2,2,2,2,2,2,2,2,2,2,2,2,2,2,2,2,2,2,2,2,2,2,2,2,2,2,2,2,2,2,2,2,2,2,2,2,2,2,2,2,2,2,2,2,2,2,2,2,2,2,2,2,2,2,2,2,2,2,2,2,2,2,2,2,2,2,2,2,2,2,2,2,2,2,2,2,2,2,2,2,2,2,2,2,2,2,2,2,2,2,2,2,2,2,2,2,2,2,2,2,2,2,2,2,2,2,2,2,2,2,2,2,2,2,2,2,2,2,2,2,2,2,2,2,2,2,2,2,2,2,2,2,2,2,2,2,2,2,2,2,2,2,2,2,2,2,2,2,2,2,2,2,2,2,2,2,2,2,2,2,2,2,2,2,2,2,2,2,2,2,2,2,2,2,2,2,2,2,2,2,2,2,2,2,2,2,2,2,2,2,2,2,2,2,2,2,2,2,2,2,2,2,2,2,2,2,2,2,2,2,2,2,2,2,2,2,2,2,2,2,2,2,2,2,2,2,2,2,2,2,2,2,2,2,2,2,2,2,2,2,2,2,2,2,2,2,2,2,2,2,2,2,2,2,2,2,2,2,2,2,2,2,2,2,2,2,2,2,2,2,2,2,2,2,2,2,2,2,2,2,2,2,2,2,2,2,2,2,2,2,2,2,2,2,2,2,2,2,2,2,2,2,2,2,2,2,2,2,2,2,2,2,2,2,2,2,2,2,2,2,2,2,2,2,2,2,2,2,2,2,2,2,2,2,2,2,2,2,2,2,2,2,2,2,2,2,2,2,2,2,2,2,2,2,2,2,2,2,2,2,2,2,2,2,2,2,2,2,2,2,2,2,2,2,2,2,2,2,2,2,2,2,2,2,2,2,2,2,2,2,2,2,2,2,2,2,2,2,2,2,2,2,2,2,2,2,2,2,2,2,2,2,2,2,2,2,2,2,2,2,2,2,2,2,2,2,2,2,2,2,2,2,2,2,2,2,2,2,2,2,2,2,2,2,2,2,2,2,2,2,2,2,2,2,2,2,2,2,2,2,2
2,4,4,4,5,1,4,4,5,3,3,4,5,3,3,3,1,4,5,0,0,4,4,5,2,2,2,2,0,0,4,4,4,5,2,2,4,4,4,5,2,1,1,1,4,4,4,5,1,1,1,1,4,5,3,3,3,3,1,4,5,2,0,0,0,0,0,0,3,3,3,1,1,1,1,4,5,1,3,3,3,3,1,1,8,8,8,8,8,8,1,1,1,1,4,5,1,4,5,3,4,4,4,5,3,3,4,4,5,3,3,3,3,1,1,2,4,4,5,2,4,4,5,1,4,4,5,1,4,4,4,5,1,4,4,4,5,0,0,0,3,3,3,1,1,4,4,4,5,2,2,1,4,4,4,5,1,4,4,4,5,2,2,4,4,4,5,1,4,4,4,5,0,0,0,0,0,3,3,3,0,0,4,4,5,2,4,4,5,0,4,4,5,3,4,4,5,2,2,2,2,2,2,0,0,0,8,8,8,8,8,8,3,3,1,4,5,3,3,3,3,3,3,3,3,3,3,3,3,3,3,3,3,3,3,3,3,3,3,3,3,3,3,3,3,3,3,3,3,3,3,3,3,3,3,3,3,3,3,3,3,3,3,3,3,3,3,3,3,3,3,3,3,3,3,3,3,3,3,3,3,3,3,3,3,3,3,3,3,3,3,3,3,3,3,3,3,3,3,3,3,3,3,3,3,3,3,3,3,3,3,3,3,3,3,3,3,3,3,3,3,3,3,3,3,3,3,3,3,3,3,3,3,3,3,3,3,3,3,3,3,3,3,3,3,3,3,3,3,3,3,3,3,3,3,3,3,3,3,3,3,3,3,3,3,3,3,3,3,3,3,3,3,3,3,3,3,3,3,3,3,3,3,3,3,3,3,3,3,3,3,3,3,3,3,3,3,3,3,3,3,3,3,3,3,3,3,3,3,3,3,3,3,3,3,3,3,3,3,3,3,3,3,3,3,3,3,3,3,3,3,3,3,3,3,3,3,3,3,3,3,3,3,3,3,3,3,3,3,3,3,3,3,3,3,3,3,3,3,3,3,3,3,3,3,3,3,3,3,3,3,3,3,3,3,3,3,3,3,3,3,3,3,3,3,3,3,3,3,3,3,3,3,3,3,3,3,3,3,3,3,3,3,3,3,3,3,3,3,3,3,3,3,3,3,3,3,3,3,3,3,3,3,3,3,3,3,3,3,3,3,3,3,3,3,3,3,3,3,3,3,3,3,3,3,3,3,3,3,3,3,3,3,3,3,3,3,3,3,3,3,3,3,3,3,3,3,3,3,3,3,3,3,3,3,3,3,3,3,3,3,3,3,3,3,3,3,3,3,3,3,3,3,3,3,3,3,3,3,3,3,3,3,3,3,3,3,3,3,3,3,3,3,3,3,3,3,3,3,3,3,3,3,3,3,3,3,3,3,3,3,3,3,3,3,3,3,3,3,3,3,3,3,3,3,3,3,3,3,3,3,3,3,3,3,3,3,3,3,3,3,3,3,3,3,3,3,3,3,3,3,3,3,3,3,3,3,3,3,3,3,3,3,3,3,3,3,3,3,3,3,3,3,3,3,3,3,3,3,3,3,3,3,3,3,3,3,3,3,3,3,3,3,3,3,3,3,3,3,3,3,3,3,3,3,3,3,3,3,3,3,3,3,3,3,3,3,3,3,3,3,3,3,3,3,3,3,3,3,3,3,3,3,3,3,3,3,3,3,3,3,3,3,3,3,3,3,3,3,3,3,3,3,3,3,3,3,3,3,3,3,3,3,3,3,3,3,3,3,3,3,3,3,3,3,3,3,3,3,3,3,3,3,3,3,3,3,3,3,3,3,3,3,3,3,3,3,3,3,3,3,3,3,3,3,3,3,3,3,3,3,3,3,3,3,3,3,3,3,3,3,3,3,3,3,3,3,3,3,3,3,3,3,3,3,3,3,3,3,3,3,3,3,3,3,3,3,3,3,3,3,3,3,3,3,3,3,3,3,3,3,3,3,3,3,3,3,3,3,3,3,3,3,3,3,3,3,3,3,3,3,3,3,3,3,3,3,3,3,3,3,3,3,3,3,3,3,3,3,3,3,3,3,3,3,3,3,3,3,3,3,3,3,3,3,3,3,3,3,3,3,3,3,3,3,3,3,3,3,3,3,3,3,3,3,3,3,3,3,3,3,3,3,3,3,3,3,3,3,3,3,3,3,3,3,3,3,3,3,3,3,3,3,3,3,3,3,3,3,3,3,3,3,3,3,3,3,3,3,3
"""

You are playing: JonahValarMorghulis
You won this match
Your game win count:       20
Opponent game win count:   10
Put the 4 lines between the """ characters in a file to watch a replay
You are the red player in the closest scoring round replay from this match:
"""
20
1615016892659
2,1,4,4,5,1,4,4,5,1,4,5,3,4,4,5,2,2,0,0,0,4,4,5,3,3,3,1,4,4,4,5,3,4,4,4,5,3,4,4,4,5,2,2,2,2,2,2,2,4,5,1,4,5,0,0,3,3,3,3,2,2,2,0,4,5,0,4,4,5,2,2,4,4,5,2,2,4,4,5,1,3,3,1,5,3,3,3,3,3,2,0,0,4,4,4,5,2,1,1,1,1,1,2,2,1,1,8,8,8,8,8,8,8,1,1,4,5,1,4,5,1,4,5,2,4,5,2,2,2,2,2,2,2,2,2,2,2,2,2,2,2,2,2,2,2,2,2,2,2,2,2,2,2,2,2,2,2,2,2,2,2,2,2,2,2,2,2,2,2,2,2,2,2,2,2,2,2,2,2,2,2,2,2,2,2,2,2,2,2,2,2,2,2,2,2,2,2,2,2,2,2,2,2,2,2,2,2,2,2,2,2,2,2,2,2,2,2,2,2,2,2,2,2,2,2,2,2,2,2,2,2,2,2,2,2,2,2,2,2,2,2,2,2,2,2,2,2,2,2,2,2,2,2,2,2,2,2,2,2,2,2,2,2,2,2,2,2,2,2,2,2,2,2,2,2,2,2,2,2,2,2,2,2,2,2,2,2,2,2,2,2,2,2,2,2,2,2,2,2,2,2,2,2,2,2,2,2,2,2,2,2,2,2,2,2,2,2,2,2,2,2,2,2,2,2,2,2,2,2,2,2,2,2,2,2,2,2,2,2,2,2,2,2,2,2,2,2,2,2,2,2,2,2,2,2,2,2,2,2,2,2,2,2,2,2,2,2,2,2,2,2,2,2,2,2,2,2,2,2,2,2,2,2,2,2,2,2,2,2,2,2,2,2,2,2,2,2,2,2,2,2,2,2,2,2,2,2,2,2,2,2,2,2,2,2,2,2,2,2,2,2,2,2,2,2,2,2,2,2,2,2,2,2,2,2,2,2,2,2,2,2,2,2,2,2,2,2,2,2,2,2,2,2,2,2,2,2,2,2,2,2,2,2,2,2,2,2,2,2,2,2,2,2,2,2,2,2,2,2,2,2,2,2,2,2,2,2,2,2,2,2,2,2,2,2,2,2,2,2,2,2,2,2,2,2,2,2,2,2,2,2,2,2,2,2,2,2,2,2,2,2,2,2,2,2,2,2,2,2,2,2,2,2,2,2,2,2,2,2,2,2,2,2,2,2,2,2,2,2,2,2,2,2,2,2,2,2,2,2,2,2,2,2,2,2,2,2,2,2,2,2,2,2,2,2,2,2,2,2,2,2,2,2,2,2,2,2,2,2,2,2,2,2,2,2,2,2,2,2,2,2,2,2,2,2,2,2,2,2,2,2,2,2,2,2,2,2,2,2,2,2,2,2,2,2,2,2,2,2,2,2,2,2,2,2,2,2,2,2,2,2,2,2,2,2,2,2,2,2,2,2,2,2,2,2,2,2,2,2,2,2,2,2,2,2,2,2,2,2,2,2,2,2,2,2,2,2,2,2,2,2,2,2,2,2,2,2,2,2,2,2,2,2,2,2,2,2,2,2,2,2,2,2,2,2,2,2,2,2,2,2,2,2,2,2,2,2,2,2,2,2,2,2,2,2,2,2,2,2,2,2,2,2,2,2,2,2,2,2,2,2,2,2,2,2,2,2,2,2,2,2,2,2,2,2,2,2,2,2,2,2,2,2,2,2,2,2,2,2,2,2,2,2,2,2,2,2,2,2,2,2,2,2,2,2,2,2,2,2,2,2,2,2,2,2,2,2,2,2,2,2,2,2,2,2,2,2,2,2,2,2,2,2,2,2,2,2,2,2,2,2,2,2,2,2,2,2,2,2,2,2,2,2,2,2,2,2,2,2,2,2,2,2,2,2,2,2,2,2,2,2,2,2,2,2,2,2,2,2,2,2,2,2,2,2,2,2,2,2,2,2,2,2,2,2,2,2,2,2,2,2,2,2,2,2,2,2,2,2,2,2,2,2,2,2,2,2,2,2,2,2,2,2,2,2,2,2,2,2,2,2,2,2,2,2,2,2,2,2,2,2,2,2,2,2,2,2,2,2,2,2,2,2,2,2,2,2,2,2,2,2,2,2,2,2,2,2,2,2,2,2,2,2,2,2,2,2,2,2,2,2,2,2,2,2,2,2,2,2,2,2,2,2,2,2,2,2,2,2,2,2,2,2,2,2,2,2,2,2,2,2,2,2,2,2,2,2,2,2
3,0,4,4,4,5,0,2,2,4,4,4,5,2,1,1,1,4,4,4,5,2,4,4,4,5,2,4,4,4,5,3,3,3,3,0,1,1,4,4,5,3,4,4,5,3,4,4,5,3,3,3,0,0,4,1,1,3,3,4,5,0,0,0,0,2,4,4,5,2,4,0,0,0,0,0,0,2,2,2,2,2,2,2,1,1,1,1,1,1,1,3,4,4,4,5,2,2,2,2,4,4,4,5,0,2,4,4,4,5,1,1,1,1,1,3,4,5,3,3,3,3,3,3,3,3,3,3,3,3,3,3,3,3,3,3,3,3,3,3,3,3,3,3,3,3,3,3,3,3,3,3,3,3,3,3,3,3,3,3,3,3,3,3,3,3,3,3,3,3,3,3,3,3,3,3,3,3,3,3,3,3,3,3,3,3,3,3,3,3,3,3,3,3,3,3,3,3,3,3,3,3,3,3,3,3,3,3,3,3,3,3,3,3,3,3,3,3,3,3,3,3,3,3,3,3,3,3,3,3,3,3,3,3,3,3,3,3,3,3,3,3,3,3,3,3,3,3,3,3,3,3,3,3,3,3,3,3,3,3,3,3,3,3,3,3,3,3,3,3,3,3,3,3,3,3,3,3,3,3,3,3,3,3,3,3,3,3,3,3,3,3,3,3,3,3,3,3,3,3,3,3,3,3,3,3,3,3,3,3,3,3,3,3,3,3,3,3,3,3,3,3,3,3,3,3,3,3,3,3,3,3,3,3,3,3,3,3,3,3,3,3,3,3,3,3,3,3,3,3,3,3,3,3,3,3,3,3,3,3,3,3,3,3,3,3,3,3,3,3,3,3,3,3,3,3,3,3,3,3,3,3,3,3,3,3,3,3,3,3,3,3,3,3,3,3,3,3,3,3,3,3,3,3,3,3,3,3,3,3,3,3,3,3,3,3,3,3,3,3,3,3,3,3,3,3,3,3,3,3,3,3,3,3,3,3,3,3,3,3,3,3,3,3,3,3,3,3,3,3,3,3,3,3,3,3,3,3,3,3,3,3,3,3,3,3,3,3,3,3,3,3,3,3,3,3,3,3,3,3,3,3,3,3,3,3,3,3,3,3,3,3,3,3,3,3,3,3,3,3,3,3,3,3,3,3,3,3,3,3,3,3,3,3,3,3,3,3,3,3,3,3,3,3,3,3,3,3,3,3,3,3,3,3,3,3,3,3,3,3,3,3,3,3,3,3,3,3,3,3,3,3,3,3,3,3,3,3,3,3,3,3,3,3,3,3,3,3,3,3,3,3,3,3,3,3,3,3,3,3,3,3,3,3,3,3,3,3,3,3,3,3,3,3,3,3,3,3,3,3,3,3,3,3,3,3,3,3,3,3,3,3,3,3,3,3,3,3,3,3,3,3,3,3,3,3,3,3,3,3,3,3,3,3,3,3,3,3,3,3,3,3,3,3,3,3,3,3,3,3,3,3,3,3,3,3,3,3,3,3,3,3,3,3,3,3,3,3,3,3,3,3,3,3,3,3,3,3,3,3,3,3,3,3,3,3,3,3,3,3,3,3,3,3,3,3,3,3,3,3,3,3,3,3,3,3,3,3,3,3,3,3,3,3,3,3,3,3,3,3,3,3,3,3,3,3,3,3,3,3,3,3,3,3,3,3,3,3,3,3,3,3,3,3,3,3,3,3,3,3,3,3,3,3,3,3,3,3,3,3,3,3,3,3,3,3,3,3,3,3,3,3,3,3,3,3,3,3,3,3,3,3,3,3,3,3,3,3,3,3,3,3,3,3,3,3,3,3,3,3,3,3,3,3,3,3,3,3,3,3,3,3,3,3,3,3,3,3,3,3,3,3,3,3,3,3,3,3,3,3,3,3,3,3,3,3,3,3,3,3,3,3,3,3,3,3,3,3,3,3,3,3,3,3,3,3,3,3,3,3,3,3,3,3,3,3,3,3,3,3,3,3,3,3,3,3,3,3,3,3,3,3,3,3,3,3,3,3,3,3,3,3,3,3,3,3,3,3,3,3,3,3,3,3,3,3,3,3,3,3,3,3,3,3,3,3,3,3,3,3,3,3,3,3,3,3,3,3,3,3,3,3,3,3,3,3,3,3,3,3,3,3,3,3,3,3,3,3,3,3,3,3,3,3,3,3,3,3,3,3,3,3,3,3,3,3,3,3,3,3,3,3,3,3,3,3,3,3,3,3,3,3,3,3,3,3,3,3,3,3,3,3,3,3,3,3,3,3,3,3
"""

You are playing: Motsognir
You won this match
Your game win count:       21
Opponent game win count:    9
Put the 4 lines between the """ characters in a file to watch a replay
You are the blue player in the closest scoring round replay from this match:
"""
20
1615016970013
2,4,4,5,1,1,4,4,4,5,3,4,4,5,1,4,4,5,3,4,4,5,2,0,0,0,3,3,4,4,4,5,3,1,1,4,4,4,5,3,1,1,4,4,4,5,2,1,1,1,4,4,4,5,2,1,4,4,5,2,2,0,0,0,0,0,0,0,0,3,1,4,4,5,1,1,1,4,4,5,1,4,4,5,3,4,4,5,1,4,4,5,2,2,0,0,0,0,0,0,0,0,4,4,4,5,2,4,4,4,5,2,4,4,5,2,0,4,4,4,5,3,4,4,5,3,3,1,1,1,2,2,0,4,4,5,2,1,1,4,5,2,4,4,5,2,4,4,4,5,1,4,5,3,3,3,3,2,2,2,1,1,1,1,1,1,1,1,1,1,1,8,8,8,8,8,8,8,8,8,3,3,3,3,0,0,0,0,0,2,2,2,2,4,4,5,2,0,4,4,5,0,4,4,5,2,4,4,5,1,4,4,5,3,3,3,3,3,3,1,2,2,2,1,1,1,4,4,4,5,3,4,5,3,4,5,2,1,4,5,2,4,5,3,3,3,0,0,0,0,1,1,1,1,1,4,4,5,3,1,4,4,5,2,2,2,2,2,8,8,8,8,8,8,1,1,1,4,4,4,5,2,4,4,5,2,4,4,4,5,2,2,2,2,1,2,0,4
1,4,4,5,3,4,4,5,1,4,4,5,3,1,4,5,1,4,5,2,2,0,0,0,0,2,4,4,4,5,3,3,3,4,5,3,1,4,4,5,1,4,5,1,4,5,1,4,5,2,2,2,0,0,0,0,2,2,1,4,4,5,1,4,4,4,5,2,1,1,4,4,4,5,2,4,4,4,5,3,3,3,3,4,4,5,0,0,0,0,3,3,3,3,1,4,5,1,3,1,1,1,8,8,8,8,8,8,1,1,1,4,5,3,4,5,3,4,5,1,4,5,3,3,3,1,3,4,4,4,5,1,4,4,4,5,2,2,4,4,4,5,2,2,4,4,5,2,0,4,4,5,3,3,3,3,2,2,0,0,4,4,4,5,0,4,5,2,4,5,2,4,5,2,2,1,4,5,3,3,3,3,3,3,1,1,2,0,0,0,2,2,2,0,8,8,8,8,8,3,3,4,5,0,4,5,3,4,5,0,4,5,1,1,4,4,5,3,1,1,1,1,2,1,1,1,4,4,4,5,2,2,2,4,4,4,5,2,4,4,4,5,0,4,4,5,2,0,4,4,5,0,3,3,3,3,3,3,2,0,0,0,4,4,5,2,0,0,0,0,0,4,5,2,2,1,1,1,8,8,8,8,8,0,0,4,5,2,2,0,4,5,2,2,2,2,0,0
"""

You are playing: Confusion
You won this match
Your game win count:       16
Opponent game win count:   14
Put the 4 lines between the """ characters in a file to watch a replay
You are the blue player in the closest scoring round replay from this match:
"""
24
1615017042055
0,4,4,4,5,3,4,4,4,5,2,0,4,4,4,5,2,1,4,4,5,2,2,4,4,5,3,3,3,1,1,4,4,5,1,4,4,5,3,3,1,4,4,4,5,3,3,4,4,4,5,1,4,4,4,5,2,2,2,2,0,0,0,0,3,3,3,4,4,4,5,1,4,4,4,5,2,4,4,4,5,2,1,1,1,4,4,5,3,3,4,4,4,5,2,2,2,0,0,0,0,2,2,2,1,4,4,5,1,4,5,1,4,5,3,4,4,5,1,4,5,3,3,0,0,0,0,2,2,2,2,2,4,4,5,1,4,5,1,4,4,4,5,1,1,1,1,8,8,8,8,8,8,8,8,2,2,0,0,0,4,4,5,3,4,5,3,3,3,3,3,3,0,0,0,2,1,1,1,1,4,4,5,3,1,4,5,1,4,4,5,2,4,5,1,4,4,5,3,0,0,0,0,0,0,0,2,2,2,2,1,4,5,1,4,5,1,4,5,3,1,4,5,3,1,4,5,3,3,0,0,0,0,0,2,2,2,2,0,0,4,4,5,2,0,4,4,4,5,0,4,4,4,5,2,4,4,4,5,1,4,4,4,5,3,3,3,3,3,3,1,1,1,2,2,2,2,2,1,1,1,1,1,1,8,8,8,8,8,8,8,8,8,3,3,4,5,3,4,5,1,4,5,2,4,5,2,2,2,1,1,1,4,4,5,2,2,2,2,2,2,1,1,3,0,4,4,5,3,3,4,4,5,0,4,4,4,5,8,8,8,8,8,8,8,8,8,8,8,8,8,8,8,8,0,4,5,2,4,4,5,2,2,1,1,1,0,4,5,0,4,4,5,3,3,0,0,4,4,4,5,2,4,4,5,0,4,5,2,1,1,1,1,1,2,2,2,0,4,4,4,5,2,0,4,4,4,5,0,0,4,4,5,2,0,4,4,4,5,3,0,0,4,4,4,5,3,3,3,3,1,1,1,1,1,1,1,3,3,3,3,3,3,0,0,0,0,0,8,8,8,8,8,8,8,8,3,3,1,1,4,5,2,2,1,1,1,1,1,4,4,4,5,1,1,4,4
2,4,4,5,2,2,4,4,4,5,0,0,3,4,4,4,5,3,3,1,4,4,4,5,1,1,1,4,4,5,3,1,4,4,5,3,4,5,1,4,5,1,4,5,2,2,0,0,0,0,0,3,1,4,4,5,3,1,4,4,5,3,4,5,1,4,5,1,4,5,2,2,2,0,0,0,0,3,3,3,4,4,5,3,4,4,5,1,4,5,1,4,5,1,3,3,1,1,1,8,8,8,8,8,8,1,1,1,4,5,3,3,3,3,3,3,1,1,1,2,2,2,0,4,4,5,0,4,5,0,4,5,3,4,5,0,4,5,3,3,1,1,1,1,3,1,1,4,4,4,5,2,2,1,4,4,4,5,2,2,1,4,4,4,5,2,4,4,4,5,0,4,5,0,0,0,3,3,3,3,2,2,2,2,1,4,4,5,1,4,4,5,2,1,4,5,0,0,4,5,0,0,0,0,0,0,8,8,8,8,8,8,8,1,1,4,5,3,3,3,3,3,1,1,1,0,0,3,3,3,4,4,4,5,0,0,4,4,4,5,2,1,4,4,5,2,2,2,0,4,4,5,2,2,2,1,1,1,4,4,5,3,3,3,3,1,2,2,2,2,2,0,4,5,2,0,0,0,0,8,8,8,8,8,2,1,1,4,5,1,4,5,2,4,5,0,4,5,3,3,3,3,3,3,3,3,1,1,1,2,2,2,2,2,2,4,4,5,2,4,4,5,2,1,4,4,5,2,4,5,0,0,2,0,0,4,4,5,3,3,3,3,3,3,3,3,3,3,3,3,3,3,3,3,3,3,3,3,3,3,3,3,3,3,1,1,2,2,2,2,2,0,0,0,0,0,8,8,8,8,8,8,1,1,1,4,5,2,1,4,5,2,2,2,1,4,5,0,0,0,0,4,5,0,4,5,2,2,2,0,0,0,0,0,0,0,0,0,3,3,4,4,4,5,3,1,4,4,5,3,3,3,4,4,5,1,4,4,5,1,4,5,2,2,2,2,2,2,0,3,1,1,1,1,1,4,5,1,3,3,3,3,3,8,8,3,3,3,3,3,3,1,1,1,1,1,1
"""

You received a bye this round

You are playing: Brasil
You won this match
Your game win count:       18
Opponent game win count:   12
Put the 4 lines between the """ characters in a file to watch a replay
You are the red player in the closest scoring round replay from this match:
"""
28
1615017199445
0,4,5,0,4,5,3,1,4,4,4,5,1,4,4,4,5,1,4,4,5,2,0,2,2,4,5,1,1,4,4,5,1,4,4,5,1,4,5,1,1,4,5,0,0,0,0,0,0,3,3,3,3,4,4,4,5,3,1,4,4,4,5,1,4,4,4,5,3,4,4,4,5,2,2,1,4,4,5,2,2,0,0,0,2,2,2,1,1,1,4,5,2,2,2,1,1,1,1,8,8,8,8,8,8,3,3,3,4,5,1,4,5,1,4,4,5,1,4,5,0,0,0,0,0,0,0,0,0,0,3,3,3,3,1,1,4,4,5,1,1,1,4,4,5,1,1,4,4,5,3,4,4,5,2,2,4,4,5,0,0,0,0,0,0,0,2,2,2,2,1,4,4,5,1,4,5,1,2,2,1,1,1,1,8,8,8,8,8,8,0,3,3,4,5,3,4,5,0,4,5,0,0,0,0,0,3,3,3,2,2,2,0,0,4,4,5,0,3,4,4,5,0,4,4,4,5,2,4,4,4,5,2,2,1,1,1,1,1,4,5,0,3,3,3,3,3,2,2,2,2,1,1,1,2,2,1,1,1,1,8,8,8,8,8,3,3,1,1,4,5,1,1,4,5,1,4,5,0,3,4,5,0,3,4,5,0,0,0,0,0,0,0,0,0,0,3,3,1,1,2,1,4,4,4,5,1,1,4,4,5,2,4,4,4,5,1,1,4,5,3,4,5,0,0,0,0,0,0,0,3,0,0,0,0,4,4,4,5,2,2,2,0,0,4,4,4,5,2,2,2,2,1,1,4,4,4,5,1,4,4,5,1,1,1,1,1,1,1,1,1,1,8,8,8,8,8,8,8,8,1,1,1,1,4,5,2,2,2,2,2,2,2,1,1,1,3,4,4,5,3,3,4,4,5,0,4,4,5,0,4,4,5,0,4,5,2,2,2,1,1,1,2,4,4,4,5,1,4,4,4,5,2,1,4,4,4,5,0,0,4,4,5,2,4,4,4,5,3,3,3,3,3,0,4,4,5,3,3,4,4,5,3,3,0,0,0,0,0,3,8,8,8,8,8,2,1,1,1,4,5,2,4,5,1,4,5,2,2,2,2,2,1,1,0,0,4,4,4,5,0,0,4,4,5,0,3,4,5,3,4,4,4,5,3,4,5,2,2,2,1,1,1,1,1,0,0,0,3,3,4,4,5,3,3,4,5,0,4,5,2,4,5,0,3,4,5,2,0,3,3,3,3,8,8,8,8,8,2,2,2,2,2,2,2,1,1,1,1,1,1
0,4,4,4,5,3,4,4,5,3,4,4,5,1,4,4,5,1,4,4,5,2,2,0,2,4,4,4,5,2,1,4,4,4,5,2,4,4,4,5,1,4,4,4,5,2,1,4,5,3,3,3,3,0,0,0,1,4,4,5,2,1,4,4,5,1,1,4,4,5,1,4,4,5,3,4,5,0,0,0,0,0,2,0,3,3,3,0,4,5,0,4,4,4,5,3,4,4,4,5,0,0,4,4,4,5,3,3,3,4,4,4,5,2,2,2,2,2,2,1,1,1,1,1,3,3,3,3,4,4,5,3,4,4,5,3,4,4,5,1,4,5,3,4,5,1,1,1,1,1,1,8,8,8,8,8,8,8,8,3,3,3,3,3,3,3,1,1,1,1,1,1,1,1,4,4,4,5,2,1,4,4,4,5,1,4,4,4,5,2,2,1,4,4,4,5,1,4,4,4,5,3,3,3,0,0,0,0,0,0,4,4,5,3,4,4,5,0,0,4,4,5,3,0,4,4,5,3,0,4,4,5,2,2,2,1,1,1,1,1,3,3,3,3,4,4,4,5,3,0,0,4,4,4,5,0,4,4,4,5,0,4,4,4,5,2,4,4,4,5,2,2,2,2,1,1,1,1,2,1,4,4,5,2,0,0,0,4,4,5,2,1,4,4,5,2,2,2,4,5,3,2,0,0,0,0,0,0,8,8,8,8,8,8,8,8,8,3,1,1,4,4,5,3,3,3,1,3,3,1,1,1,1,1,1,1,4,4,5,2,8,2,8,2,2,2,1,4,4,5,0,2,8,2,4,4,4,5,0,0,4,4,5,3,4,4,5,3,3,3,3,3,3,0,0,2,0,0,0,0,0,4,5,1,4,4,5,3,3,0,4,4,5,3,3,3,4,4,4,5,0,4,4,4,5,2,2,2,2,1,1,1,1,1,1,2,2,2,2,2,4,4,5,2,1,4,5,2,0,0,4,5,0,4,5,2,4,5,3,0,0,0,0,8,8,8,8,8,8,8,8,8,3,3,3,3,3,3,3,1,1,1,1,1,1,2,2,2,2,1,1,4,4,5,2,0,4,4,5,0,0,4,4,5,0,4,4,5,0,4,4,5,3,3,3,3,3,1,1,1,2,2,2,2,2,2,0,0,0,4,4,4,5,2,2,1,1,4,5,2,1,1,4,5,3,4,4,5,3,0,4,4,5,3,3,3,3,3,3,3,3,3,3,3,3,2,2,2,2,2,2,2,2,2,2,2,0,0,0,0,0,0,8,8,8,8,8,8,8,8,8
"""

You are playing: Nearest Resource strat
You won this match
Your game win count:       22
Opponent game win count:    8
Put the 4 lines between the """ characters in a file to watch a replay
You are the blue player in the closest scoring round replay from this match:
"""
20
1615017820291
3,4,4,4,5,3,3,4,4,4,5,2,0,4,4,4,5,1,1,1,4,4,4,5,1,1,1,4,4,5,2,2,0,0,0,0,0,2,0,4,4,5,0,0,4,4,4,5,2,1,4,5,2,4,4,4,5,1,4,4,5,3,3,3,1,2,2,4,4,5,1,4,4,5,2,4,4,4,5,1,4,4,4,5,1,4,4,5,3,3,3,0,0,0,2,1,1,4,4,4,5,1,1,4,5,3,4,4,5,3,4,4,5,1,1,4,4,5,2,0,0,0,0,0,0,1,1,1,1,1,4,4,5,2,4,5,1,4,5,2,1,4,5,1,4,4,5,2,2,0,0,8,8,8,8,8,8,8,8,3,3,3,3,0,0,0,0,0,0,2,2,1,1,1,4,5,1,4,5,1,4,5,2,1,4,5,2,8,8,1,1,4,4,5,2,2,2,2,2,2,2,2,2,2,2,2,2,2,2,2,2,2,2,2,2,2,2,2,2,2,2,2,2,2,2,2,2,2,2,2,2,2,2,2,2,2,2,2,2,2,2,2,2,2,2,2,2,2,2,2,2,2,2,2,2,2,2,2,2,2,2,2,2,2,2,2,2,2,2,2,2,2,2,2,2,2,2,2,2,2,2,2,2,2,2,2,2,2,2,2,2,2,2,2,2,2,2,2,2,2,2,2,2,2,2,2,2,2,2,2,2,2,2,2,2,2,2,2,2,2,2,2,2,2,2,2,2,2,2,2,2,2,2,2,2,2,2,2,2,2,2,2,2,2,2,2,2,2,2,2,2,2,2,2,2,2,2,2,2,2,2,2,2,2,2,2,2,2,2,2,2,2,2,2,2,2,2,2,2,2,2,2,2,2,2,2,2,2,2,2,2,2,2,2,2,2,2,2,2,2,2,2,2,2,2,2,2,2,2,2,2,2,2,2,2,2,2,2,2,2,2,2,2,2,2,2,2,2,2,2,2,2,2,2,2,2,2,2,2,2,2,2,2,2,2,2,2,2,2,2,2,2,2,2,2,2,2,2,2,2,2,2,2,2,2,2,2,2,2,2,2,2,2,2,2,2,2,2,2,2,2,2,2,2,2,2,2,2,2,2,2,2,2,2,2,2,2,2,2,2,2,2,2,2,2,2,2,2,2,2,2,2,2,2,2,2,2,2,2,2,2,2,2,2,2,2,2,2,2,2,2,2,2,2,2,2,2,2,2,2,2,2,2,2,2,2,2,2,2,2,2,2,2,2,2,2,2,2,2,2,2,2,2,2,2,2,2,2,2,2,2,2,2,2,2,2,2,2,2,2,2,2,2,2,2,2,2,2,2,2,2,2,2,2,2,2,2,2,2,2,2,2,2,2,2,2,2,2,2,2,2,2,2,2,2,2,2,2,2,2,2,2,2,2,2,2,2,2,2,2,2,2,2,2,2,2,2,2,2,2,2,2,2,2,2,2,2,2,2,2,2,2,2,2,2,2,2,2,2,2,2,2,2,2,2,2,2,2,2,2,2,2,2,2,2,2,2,2,2,2,2,2,2,2,2,2,2,2,2,2,2,2,2,2,2,2,2,2,2,2,2,2,2,2,2,2,2,2,2,2,2,2,2,2,2,2,2,2,2,2,2,2,2,2,2,2,2,2,2,2,2,2,2,2,2,2,2,2,2,2,2,2,2,2,2,2,2,2,2,2,2,2,2,2,2,2,2,2,2,2,2,2,2,2,2,2,2,2,2,2,2,2,2,2,2,2,2,2,2,2,2,2,2,2,2,2,2,2,2,2,2,2,2,2,2,2,2,2,2,2,2,2,2,2,2,2,2,2,2,2,2,2,2,2,2,2,2,2,2,2,2,2,2,2,2,2,2,2,2,2,2,2,2,2,2,2,2,2,2,2,2,2,2,2,2,2,2,2,2,2,2,2,2,2,2,2,2,2,2,2,2,2,2,2,2,2,2,2,2,2,2,2,2,2,2,2,2,2,2,2,2,2,2,2,2,2,2,2,2,2,2,2,2,2,2,2,2,2,2,2,2,2,2,2,2,2,2,2,2,2,2,2,2,2,2,2,2,2,2,2,2,2,2,2,2,2,2,2,2,2,2,2,2,2,2,2,2,2,2,2,2,2,2,2,2,2,2,2,2,2,2,2,2,2,2,2,2,2,2,2,2,2,2,2,2,2,2,2,2,2,2,2,2,2,2,2,2,2,2,2,2,2,2,2,2,2,2,2,2,2,2,2,2,2,2,2,2,2,2,2
2,0,4,4,4,5,3,3,3,4,4,5,1,1,4,4,5,3,4,4,5,1,4,5,2,2,2,0,0,3,1,1,1,4,5,1,4,5,3,4,5,1,4,5,1,4,5,2,2,0,0,0,0,0,0,0,0,0,4,4,5,3,3,3,3,1,4,4,5,1,4,4,5,3,4,4,5,1,4,4,5,2,2,2,2,2,2,2,1,4,4,4,5,1,4,4,4,5,2,4,4,4,5,1,1,1,4,5,3,0,3,3,3,3,3,3,3,1,8,8,8,8,8,8,8,1,1,4,5,3,3,3,3,3,1,1,1,1,4,4,4,5,1,4,4,4,5,2,2,2,4,4,5,1,4,4,4,5,2,0,0,0,0,4,5,3,3,3,3,1,2,0,4,4,5,2,2,0,4,5,0,4,5,2,4,5,2,1,4,5,3,3,3,3,3,3,3,3,3,3,3,3,3,3,3,3,3,3,3,3,3,3,3,3,3,3,3,3,3,3,3,3,3,3,3,3,3,3,3,3,3,3,3,3,3,3,3,3,3,3,3,3,3,3,3,3,3,3,3,3,3,3,3,3,3,3,3,3,3,3,3,3,3,3,3,3,3,3,3,3,3,3,3,3,3,3,3,3,3,3,3,3,3,3,3,3,3,3,3,3,3,3,3,3,3,3,3,3,3,3,3,3,3,3,3,3,3,3,3,3,3,3,3,3,3,3,3,3,3,3,3,3,3,3,3,3,3,3,3,3,3,3,3,3,3,3,3,3,3,3,3,3,3,3,3,3,3,3,3,3,3,3,3,3,3,3,3,3,3,3,3,3,3,3,3,3,3,3,3,3,3,3,3,3,3,3,3,3,3,3,3,3,3,3,3,3,3,3,3,3,3,3,3,3,3,3,3,3,3,3,3,3,3,3,3,3,3,3,3,3,3,3,3,3,3,3,3,3,3,3,3,3,3,3,3,3,3,3,3,3,3,3,3,3,3,3,3,3,3,3,3,3,3,3,3,3,3,3,3,3,3,3,3,3,3,3,3,3,3,3,3,3,3,3,3,3,3,3,3,3,3,3,3,3,3,3,3,3,3,3,3,3,3,3,3,3,3,3,3,3,3,3,3,3,3,3,3,3,3,3,3,3,3,3,3,3,3,3,3,3,3,3,3,3,3,3,3,3,3,3,3,3,3,3,3,3,3,3,3,3,3,3,3,3,3,3,3,3,3,3,3,3,3,3,3,3,3,3,3,3,3,3,3,3,3,3,3,3,3,3,3,3,3,3,3,3,3,3,3,3,3,3,3,3,3,3,3,3,3,3,3,3,3,3,3,3,3,3,3,3,3,3,3,3,3,3,3,3,3,3,3,3,3,3,3,3,3,3,3,3,3,3,3,3,3,3,3,3,3,3,3,3,3,3,3,3,3,3,3,3,3,3,3,3,3,3,3,3,3,3,3,3,3,3,3,3,3,3,3,3,3,3,3,3,3,3,3,3,3,3,3,3,3,3,3,3,3,3,3,3,3,3,3,3,3,3,3,3,3,3,3,3,3,3,3,3,3,3,3,3,3,3,3,3,3,3,3,3,3,3,3,3,3,3,3,3,3,3,3,3,3,3,3,3,3,3,3,3,3,3,3,3,3,3,3,3,3,3,3,3,3,3,3,3,3,3,3,3,3,3,3,3,3,3,3,3,3,3,3,3,3,3,3,3,3,3,3,3,3,3,3,3,3,3,3,3,3,3,3,3,3,3,3,3,3,3,3,3,3,3,3,3,3,3,3,3,3,3,3,3,3,3,3,3,3,3,3,3,3,3,3,3,3,3,3,3,3,3,3,3,3,3,3,3,3,3,3,3,3,3,3,3,3,3,3,3,3,3,3,3,3,3,3,3,3,3,3,3,3,3,3,3,3,3,3,3,3,3,3,3,3,3,3,3,3,3,3,3,3,3,3,3,3,3,3,3,3,3,3,3,3,3,3,3,3,3,3,3,3,3,3,3,3,3,3,3,3,3,3,3,3,3,3,3,3,3,3,3,3,3,3,3,3,3,3,3,3,3,3,3,3,3,3,3,3,3,3,3,3,3,3,3,3,3,3,3,3,3,3,3,3,3,3,3,3,3,3,3,3,3,3,3,3,3,3,3,3,3,3,3,3,3,3,3,3,3,3,3,3,3,3,3,3,3,3,3,3,3,3,3,3,3,3,3,3,3,3,3,3,3,3,3,3,3,3,3,3,3,3,3,3,3,3,3,3,3,3,3,3,3
"""

You are playing: Are ya winnin' son?
You won this match
Your game win count:       19
Opponent game win count:   11
Put the 4 lines between the """ characters in a file to watch a replay
You are the blue player in the closest scoring round replay from this match:
"""
24
1615017842329
3,3,4,4,4,5,1,4,4,4,5,2,4,4,5,1,4,4,5,2,4,4,5,0,0,3,0,4,4,4,5,3,3,4,4,4,5,1,1,4,5,2,1,1,4,4,5,1,1,4,4,5,2,2,0,0,0,0,0,2,2,4,4,5,2,1,4,4,4,5,2,4,5,2,4,5,2,4,5,3,3,3,3,3,3,0,1,1,1,4,4,5,1,4,5,2,4,4,5,1,4,5,2,4,5,3,3,0,0,0,0,0,2,0,0,0,4,4,4,5,2,2,1,4,4,4,5,1,4,4,5,2,4,4,5,1,4,4,5,3,3,3,3,2,2,2,2,2,1,1,1,1,1,1,8,8,8,8,8,8,8,8,8,2,2,2,2,2,4,4,4,5,3,4,5,0,4,5,0,4,5,3,4,5,3,3,3,3,3,3,3,3,0,0,0,0,3,3,3,1,1,1,1,4,4,4,5,1,4,4,4,5,3,3,4,4,4,5,0,0,4,4,4,5,2,1,1,1,4,4,4,5,2,2,2,2,0,0,0,0,0,0,2,2,1,1,1,4,5,2,4,5,1,4,5,1,4,5,3,1,4,5,3,3,0,0,0,0,0,0,2,2,2,2,1,1,4,4,5,0,0,2,1,1,1,1,1,1,8,8,8,8,8,8,8,8,8,2,1,1,1,1,1,4,4,5,1,4,4,5,1,4,4,5,3,1,4,4,5,2,2,2,2,2,2,2,0,0,1,4,4,4,5,3,4,4,4,5,3,0,4,5,3,3,0,4,5,2,0,4,5,2,2,2,1,1,3,4,4,5,0,4,4,5,3,4,4,5,2,2,2,0,0,4,4,4,5,2,2,4,4,4,5,3,3,3,1,1,1,0,0,4,4,5,2,1,4,4,5,2,2,2,0,0,4,4,4,5,2,0,4,4,4,5,0,0,0,4,4,4,5,3,3,3,3,3,1,1,1,1,1,3,3,3,3,3,3,0,0,0,8,8,8,8,8,8,8,8,8,2,2,2,2,2,2,1,1,1,1,1
0,4,4,4,5,0,4,4,4,5,0,3,4,4,4,5,3,3,4,5,1,1,3,1,1,4,5,2,2,2,2,0,3,3,4,4,5,3,3,4,4,5,3,1,4,5,1,4,5,1,4,5,2,2,2,2,2,0,0,0,2,2,4,4,4,5,1,1,1,4,4,5,3,3,4,4,5,3,4,4,5,3,3,4,5,2,2,2,0,0,0,3,3,3,1,1,4,5,1,1,3,3,3,1,1,8,8,8,8,8,8,8,1,1,1,4,5,1,4,5,2,4,5,1,4,5,3,3,3,3,3,3,3,1,2,1,4,4,5,1,4,4,4,5,1,4,4,4,5,2,4,4,4,5,2,4,4,4,5,0,0,0,3,3,3,2,2,2,4,4,5,1,4,5,0,0,4,4,5,2,2,4,5,0,3,4,5,3,3,3,3,1,1,0,0,3,4,4,5,0,4,4,5,0,0,4,4,5,2,2,2,2,2,2,8,8,8,8,8,8,3,3,4,5,3,4,4,5,3,3,1,1,1,1,1,3,3,1,4,4,4,5,2,2,2,2,0,0,0,4,4,5,0,4,5,2,4,5,2,4,5,3,3,3,3,1,1,1,0,0,0,0,0,4,4,5,2,0,4,4,5,3,3,3,3,1,4,4,5,3,1,1,1,4,4,5,2,2,2,2,2,2,0,2,2,2,0,0,8,8,8,8,8,8,8,3,3,1,4,5,3,3,3,1,1,1,1,2,2,0,0,0,0,4,5,2,2,2,2,2,1,4,5,2,4,5,1,4,5,2,2,2,2,0,4,5,3,3,3,3,3,3,3,3,3,1,1,1,2,2,2,2,1,1,1,4,4,4,5,3,1,1,4,4,4,5,2,2,2,4,4,4,5,0,4,4,4,5,2,4,4,4,5,0,0,0,0,3,0,0,0,0,0,8,8,8,8,8,8,8,3,3,3,3,3,3,1,1,1,1,1,2,2,2,2,2,2,2,2,4,4,5,0,0,0,0,4,5,3,3,3,3,3,3,3,3,1,1,1,1
"""

You are playing: GME=MOON
You lost this match
Your game win count:       12
Opponent game win count:   18
Put the 4 lines between the """ characters in a file to watch a replay
You are the blue player in the closest scoring round replay from this match:
"""
24
1615017852335
0,4,4,4,5,3,4,4,4,5,0,4,4,4,5,0,4,4,4,5,2,0,4,4,4,5,1,1,1,1,2,1,1,4,4,5,1,4,5,2,4,5,1,4,4,5,1,4,5,3,3,0,0,0,0,0,2,2,1,4,4,4,5,2,4,4,5,2,4,5,1,4,5,1,4,5,3,3,3,3,0,0,0,3,1,4,4,5,3,3,3,1,4,4,4,5,1,4,4,4,5,2,1,4,4,5,1,1,4,4,4,5,2,2,2,0,0,0,0,0,0,1,1,1,1,4,4,5,2,1,4,5,1,4,5,2,4,5,2,0,4,5,2,2,1,8,8,8,8,8,8,8,8,3,3,3,3,3,0,0,0,0,0,0,2,2,2,0,4,4,5,3,0,4,4,4,5,0,4,4,4,5,2,0,4,5,2,0,4,4,4,5,3,3,3,3,1,1,1,1,1,2,2,2,1,1,4,4,5,1,1,4,5,2,4,5,2,2,0,4,5,0,4,5,3,3,3,3,3,3,0,0,2,2,2,0,0,4,4,5,2,2,1,4,4,5,1,4,4,5,1,4,5,2,4,5,1,1,1,1,1,8,8,8,8,8,8,8,8,3,3,3,3,3,3,0,0,0,0,0,0,2,2,2,2,2,0,2,0,4,4,5,0,0,0,4,4,4,5,3,1,4,4,4,5,3,3,3,4,4,5,2,2,2,1,1,1,1,1,1,4,5,3,3,3,3,3,0,0,3,1,1,1,1,1,4,4,5,3,3,3,1,4,4,5,2,2,2,2,2,2,2,2,2,8,8,8,8,8,8,8,2,2,2,2,4,4,5,1,4,5,1,4,5,2,2,2,1,1,1,1,1,4,4,4,5,0,2,0,4,4,4,5,3,0,0,4,4,4,5,0,0,0,4,4,5,2,4,4,5,2,2,2,2,4,4,4,5,3,3,3,3,3,1,1,1,1,1,1,2,2,2,4,4,4,5,2,2,0,0,0,4,4,4,5,0,4,4,4,5,3,3,3,3
3,4,4,5,3,4,4,5,0,4,4,5,1,1,1,4,4,5,2,4,4,5,2,0,0,2,2,4,4,4,5,1,1,4,4,5,3,0,4,4,5,3,3,3,3,1,4,5,3,4,5,2,2,2,2,0,0,0,0,0,4,4,4,5,0,3,3,4,4,4,5,3,3,1,4,4,4,5,3,3,3,4,4,4,5,1,1,1,1,1,1,1,1,1,8,8,8,8,8,8,3,3,4,5,3,3,3,1,1,1,1,1,1,2,4,5,1,4,4,5,2,2,1,1,4,5,1,4,4,4,5,0,0,0,0,0,0,4,5,3,3,3,1,1,0,4,4,5,0,4,4,5,0,3,4,4,5,3,4,4,5,0,4,4,5,2,2,1,1,1,1,2,2,0,4,4,5,0,0,2,2,2,0,0,8,8,8,8,8,8,3,3,4,5,1,4,5,3,4,5,1,4,5,3,3,1,1,1,2,0,0,0,4,4,5,0,0,4,5,2,4,4,4,5,3,3,3,4,4,5,3,3,3,3,4,4,4,5,2,2,2,2,2,1,1,1,1,1,2,1,1,1,1,4,4,4,5,2,0,4,4,4,5,2,2,2,2,4,4,4,5,0,4,4,5,0,4,4,5,0,0,0,0,0,0,8,8,8,8,8,8,3,3,3,3,3,3,1,1,1,1,1,0,0,3,3,3,3,4,5,1,4,4,4,5,2,2,2,2,2,2,2,2,0,4,5,2,4,5,2,4,5,3,3,3,3,3,3,1,1,2,2,2,2,2,0,0,0,0,0,8,8,8,8,8,3,1,1,4,5,2,2,4,5,2,4,5,1,4,5,3,1,4,5,3,3,3,3,3,3,1,2,2,2,2,2,2,4,4,5,2,1,4,4,5,1,4,4,5,2,2,2,4,4,5,0,4,4,5,0,3,3,3,3,3,3,3,3,3,3,2,2,2,2,2,0,0,0,0,0,8,8,8,8,8,8,0,0,0,0,4,5,2,2,4,5,2,2,2,2,2,0,0,0
"""

Your placement is: 5 / 118
Top 4 strategies:
Confusion in place 3
GME=MOON in place 3
MyStrategy in place 2
Silence Suzuka in place 1
Congratulations to the winner: Silence Suzuka
